Energy	S
E/keV	Muestra/#

13,2	0
13,4	0
13,6	0
13,8	0
13,9	0
14,1	0
14,3	0
14,5	0
14,6	0
14,8	0
15,0	0
15,2	0
15,3	0
15,5	0
15,7	0
15,9	0
16,0	0
16,2	1
16,4	1
16,6	0
16,7	0
16,9	0
17,1	0
17,2	0
17,4	0
17,6	1
17,8	0
17,9	0
18,1	2
18,3	0
18,5	0
18,6	0
18,8	1
19,0	0
19,2	0
19,3	0
19,5	0
19,7	0
19,9	0
20,0	0
20,2	0
20,4	0
20,6	0
20,7	0
20,9	0
21,1	0
21,2	0
21,4	0
21,6	1
21,8	0
21,9	1
22,1	1
22,3	3
22,5	11
22,6	55
22,8	26
23,0	12
23,2	15
23,3	8
23,5	21
23,7	35
23,9	42
24,0	19
24,2	35
24,4	51
24,5	252
24,7	268
24,9	272
25,1	318
25,2	300
25,4	398
25,6	436
25,8	346
25,9	513
26,1	456
26,3	550
26,5	541
26,6	617
26,8	639
27,0	893
27,2	502
27,3	794
27,5	857
27,7	919
27,9	871
28,0	923
28,2	995
28,4	1050
28,5	824
28,7	1111
28,9	1005
29,1	1144
29,2	982
29,4	1034
29,6	1062
29,8	1521
29,9	627
30,1	936
30,3	979
30,5	919
30,6	805
30,8	756
31,0	868
31,2	776
31,3	563
31,5	716
31,7	601
31,9	598
32,0	557
32,2	498
32,4	519
32,5	533
32,7	307
32,9	400
33,1	390
33,2	394
33,4	323
33,6	307
33,8	388
33,9	349
34,1	224
34,3	361
34,5	253
34,6	317
34,8	251
35,0	254
35,2	256
35,3	378
35,5	108
35,7	226
35,9	205
36,0	219
36,2	201
36,4	181
36,5	203
36,7	179
36,9	155
37,1	204
37,2	162
37,4	168
37,6	152
37,8	143
37,9	107
38,1	148
38,3	83
38,5	132
38,6	115
38,8	126
39,0	79
39,2	89
39,3	106
39,5	121
39,7	89
39,9	91
40,0	95
40,2	100
40,4	81
40,5	104
40,7	86
40,9	130
41,1	62
41,2	79
41,4	100
41,6	73
41,8	95
41,9	88
42,1	86
42,3	82
42,5	57
42,6	100
42,8	76
43,0	99
43,2	61
43,3	52
43,5	51
43,7	92
43,8	62
44,0	73
44,2	108
44,4	77
44,5	81
44,7	64
44,9	67
45,1	81
45,2	47
45,4	69
45,6	82
45,8	94
45,9	89
46,1	91
46,3	55
46,5	127
46,6	37
46,8	78
47,0	73
47,2	83
47,3	102
47,5	75
47,7	86
47,8	65
48,0	91
48,2	90
48,4	92
48,5	103
48,7	88
48,9	94
49,1	90
49,2	111
49,4	62
49,6	76
49,8	94
49,9	84
50,1	75
50,3	64
50,5	110
50,6	84
50,8	84
51,0	72
51,2	60
51,3	80
51,5	102
51,7	71
51,8	87
52,0	105
52,2	45
52,4	80
52,5	89
52,7	100
52,9	80
53,1	55
53,2	84
53,4	52
53,6	59
53,8	107
53,9	89
54,1	83
54,3	76
54,5	88
54,6	77
54,8	95
55,0	61
55,2	85
55,3	77
55,5	98
55,7	109
55,8	81
56,0	77
56,2	87
56,4	75
56,5	105
56,7	68
56,9	100
57,1	67
57,2	101
57,4	102
57,6	162
57,8	46
57,9	84
58,1	88
58,3	85
58,5	81
58,6	93
58,8	88
59,0	105
59,1	90
59,3	84
59,5	61
59,7	82
59,8	75
60,0	95
60,2	100
60,4	87
60,5	44
60,7	73
60,9	109
61,1	134
61,2	62
61,4	81
61,6	124
61,8	77
61,9	75
62,1	94
62,3	106
62,5	94
62,6	109
62,8	87
63,0	78
63,1	106
63,3	61
63,5	98
63,7	71
63,8	69
64,0	90
64,2	53
64,4	63
64,5	35
64,7	74
64,9	83
65,1	119
65,2	91
65,4	103
65,6	45
65,8	98
65,9	102
66,1	59
66,3	101
66,5	119
66,6	97
66,8	75
67,0	74
67,1	86
67,3	76
67,5	58
67,7	81
67,8	74
68,0	92
68,2	93
68,4	84
68,5	84
68,7	105
68,9	23
69,1	66
69,2	109
69,4	100
69,6	102
69,8	74
69,9	85
70,1	57
70,3	92
70,5	86
70,6	64
70,8	95
71,0	99
71,1	61
71,3	84
71,5	90
71,7	79
71,8	70
72,0	87
72,2	101
72,4	66
72,5	55
72,7	83
72,9	61
73,1	103
73,2	96
73,4	82
73,6	96
73,8	95
73,9	90
74,1	82
74,3	124
74,4	83
74,6	69
74,8	84
75,0	116
75,1	76
75,3	87
75,5	138
75,7	68
75,8	90
76,0	84
76,2	88
76,4	85
76,5	52
76,7	84
76,9	88
77,1	71
77,2	84
77,4	72
77,6	57
77,8	97
77,9	83
78,1	38
78,3	85
78,4	105
78,6	52
78,8	103
79,0	87
79,1	93
79,3	101
79,5	63
79,7	79
79,8	103
80,0	63
80,2	47
80,4	107
80,5	56
80,7	59
80,9	90
81,1	102
81,2	39
81,4	63
81,6	80
81,8	88
81,9	101
82,1	74
82,3	65
82,4	71
82,6	43
82,8	35
83,0	90
83,1	116
83,3	58
83,5	75
83,7	72
83,8	69
84,0	58
84,2	71
84,4	94
84,5	69
84,7	70
84,9	57
85,1	92
85,2	60
85,4	115
85,6	53
85,8	49
85,9	77
86,1	64
86,3	108
86,4	48
86,6	99
86,8	51
87,0	52
87,1	78
87,3	56
87,5	75
87,7	66
87,8	86
88,0	92
88,2	90
88,4	107
88,5	76
88,7	122
88,9	62
89,1	76
89,2	62
89,4	121
89,6	111
89,8	73
89,9	99
90,1	81
90,3	76
90,4	68
90,6	104
90,8	61
91,0	104
91,1	36
91,3	76
91,5	98
91,7	87
91,8	107
92,0	85
92,2	123
92,4	79
92,5	118
92,7	96
92,9	79
93,1	74
93,2	91
93,4	85
93,6	67
93,7	105
93,9	55
94,1	84
94,3	48
94,4	60
94,6	83
94,8	70
95,0	77
95,1	92
95,3	82
95,5	97
95,7	69
95,8	82
96,0	85
96,2	77
96,4	69
96,5	84
96,7	80
96,9	82
97,1	77
97,2	92
97,4	89
97,6	95
97,7	104
97,9	88
98,1	58
98,3	102
98,4	93
98,6	97
98,8	94
99,0	79
99,1	69
99,3	40
99,5	64
99,7	79
99,8	57
100,0	69
100,2	79
100,4	83
100,5	107
100,7	39
100,9	92
101,1	59
101,2	100
101,4	45
101,6	75
101,7	71
101,9	65
102,1	142
102,3	37
102,4	58
102,6	101
102,8	79
103,0	93
103,1	86
103,3	65
103,5	30
103,7	56
103,8	47
104,0	91
104,2	76
104,4	84
104,5	100
104,7	63
104,9	80
105,1	71
105,2	53
105,4	85
105,6	119
105,7	72
105,9	52
106,1	101
106,3	83
106,4	71
106,6	104
106,8	65
107,0	39
107,1	77
107,3	76
107,5	87
107,7	106
107,8	37
108,0	79
108,2	100
108,4	87
108,5	91
108,7	76
108,9	72
109,0	68
109,2	64
109,4	62
109,6	103
109,7	109
109,9	97
110,1	83
110,3	83
110,4	88
110,6	49
110,8	89
111,0	87
111,1	117
111,3	95
111,5	72
111,7	46
111,8	82
112,0	80
112,2	80
112,4	73
112,5	100
112,7	106
112,9	69
113,0	95
113,2	116
113,4	42
113,6	62
113,7	95
113,9	83
114,1	69
114,3	98
114,4	122
114,6	102
114,8	76
115,0	120
115,1	71
115,3	61
115,5	106
115,7	84
115,8	78
116,0	112
116,2	67
116,4	65
116,5	99
116,7	65
116,9	93
117,0	78
117,2	121
117,4	96
117,6	74
117,7	100
117,9	118
118,1	88
118,3	55
118,4	65
118,6	83
118,8	135
119,0	77
119,1	82
119,3	83
119,5	83
119,7	102
119,8	67
120,0	100
120,2	84
120,4	86
120,5	103
120,7	68
120,9	92
121,0	101
121,2	95
121,4	95
121,6	87
121,7	76
121,9	103
122,1	99
122,3	94
122,4	97
122,6	74
122,8	109
123,0	83
123,1	64
123,3	86
123,5	77
123,7	75
123,8	76
124,0	95
124,2	83
124,3	176
124,5	38
124,7	72
124,9	118
125,0	61
125,2	112
125,4	71
125,6	93
125,7	68
125,9	46
126,1	93
126,3	85
126,4	82
126,6	71
126,8	90
127,0	83
127,1	87
127,3	75
127,5	82
127,7	85
127,8	105
128,0	80
128,2	54
128,3	98
128,5	86
128,7	61
128,9	97
129,0	64
129,2	65
129,4	92
129,6	97
129,7	78
129,9	123
130,1	64
130,3	92
130,4	72
130,6	101
130,8	119
131,0	43
131,1	76
131,3	90
131,5	73
131,7	116
131,8	94
132,0	90
132,2	90
132,3	108
132,5	90
132,7	83
132,9	68
133,0	103
133,2	59
133,4	101
133,6	78
133,7	96
133,9	97
134,1	87
134,3	63
134,4	121
134,6	82
134,8	120
135,0	84
135,1	80
135,3	116
135,5	119
135,7	52
135,8	93
136,0	93
136,2	71
136,3	117
136,5	78
136,7	135
136,9	71
137,0	106
137,2	110
137,4	88
137,6	113
137,7	138
137,9	88
138,1	125
138,3	136
138,4	34
138,6	74
138,8	102
139,0	81
139,1	89
139,3	78
139,5	111
139,7	82
139,8	99
140,0	116
140,2	63
140,3	111
140,5	95
140,7	80
140,9	87
141,0	107
141,2	71
141,4	92
141,6	121
141,7	43
141,9	65
142,1	70
142,3	136
142,4	82
142,6	80
142,8	90
143,0	102
143,1	111
143,3	80
143,5	87
143,6	83
143,8	97
144,0	71
144,2	71
144,3	101
144,5	97
144,7	85
144,9	48
145,0	135
145,2	98
145,4	74
145,6	93
145,7	84
145,9	107
146,1	88
146,3	99
146,4	77
146,6	125
146,8	71
147,0	64
147,1	84
147,3	129
147,5	115
147,6	79
147,8	133
148,0	108
148,2	84
148,3	95
148,5	75
148,7	61
148,9	89
149,0	97
149,2	112
149,4	83
149,6	71
149,7	124
149,9	132
150,1	117
150,3	121
150,4	47
150,6	102
150,8	85
151,0	72
151,1	83
151,3	73
151,5	124
151,6	96
151,8	124
152,0	91
152,2	147
152,3	69
152,5	89
152,7	95
152,9	110
153,0	85
153,2	85
153,4	109
153,6	82
153,7	80
153,9	69
154,1	92
154,3	114
154,4	99
154,6	88
154,8	101
155,0	87
155,1	101
155,3	76
155,5	87
155,6	94
155,8	126
156,0	64
156,2	110
156,3	73
156,5	78
156,7	99
156,9	83
157,0	99
157,2	118
157,4	93
157,6	85
157,7	147
157,9	54
158,1	67
158,3	77
158,4	91
158,6	103
158,8	79
158,9	85
159,1	88
159,3	121
159,5	94
159,6	73
159,8	94
160,0	102
160,2	99
160,3	96
160,5	96
160,7	85
160,9	109
161,0	105
161,2	99
161,4	97
161,6	59
161,7	109
161,9	82
162,1	119
162,3	96
162,4	69
162,6	99
162,8	91
162,9	75
163,1	72
163,3	106
163,5	97
163,6	53
163,8	89
164,0	58
164,2	117
164,3	88
164,5	85
164,7	90
164,9	71
165,0	124
165,2	88
165,4	102
165,6	103
165,7	50
165,9	111
166,1	124
166,3	81
166,4	80
166,6	71
166,8	111
166,9	78
167,1	94
167,3	112
167,5	92
167,6	83
167,8	112
168,0	94
168,2	95
168,3	90
168,5	92
168,7	103
168,9	121
169,0	60
169,2	81
169,4	106
169,6	88
169,7	136
169,9	74
170,1	92
170,3	97
170,4	110
170,6	113
170,8	102
170,9	99
171,1	91
171,3	60
171,5	110
171,6	82
171,8	80
172,0	69
172,2	79
172,3	111
172,5	110
172,7	70
172,9	140
173,0	79
173,2	110
173,4	112
173,6	90
173,7	110
173,9	81
174,1	71
174,2	106
174,4	102
174,6	115
174,8	83
174,9	127
175,1	88
175,3	117
175,5	78
175,6	87
175,8	71
176,0	95
176,2	124
176,3	104
176,5	79
176,7	148
176,9	98
177,0	111
177,2	75
177,4	106
177,6	108
177,7	80
177,9	126
178,1	110
178,2	84
178,4	130
178,6	107
178,8	103
178,9	110
179,1	107
179,3	120
179,5	108
179,6	92
179,8	98
180,0	117
180,2	58
180,3	121
180,5	122
180,7	135
180,9	109
181,0	96
181,2	117
181,4	88
181,6	94
181,7	102
181,9	94
182,1	110
182,2	122
182,4	121
182,6	114
182,8	132
182,9	105
183,1	101
183,3	119
183,5	117
183,6	122
183,8	75
184,0	108
184,2	98
184,3	116
184,5	159
184,7	96
184,9	126
185,0	125
185,2	124
185,4	137
185,6	102
185,7	116
185,9	108
186,1	101
186,2	112
186,4	154
186,6	106
186,8	166
186,9	117
187,1	103
187,3	124
187,5	102
187,6	125
187,8	171
188,0	123
188,2	116
188,3	112
188,5	107
188,7	102
188,9	142
189,0	143
189,2	144
189,4	90
189,6	152
189,7	119
189,9	117
190,1	126
190,2	90
190,4	134
190,6	137
190,8	126
190,9	125
191,1	235
191,3	46
191,5	103
191,6	115
191,8	129
192,0	136
192,2	128
192,3	134
192,5	166
192,7	120
192,9	157
193,0	105
193,2	133
193,4	154
193,5	140
193,7	120
193,9	120
194,1	75
194,2	163
194,4	118
194,6	184
194,8	117
194,9	113
195,1	156
195,3	146
195,5	107
195,6	155
195,8	116
196,0	159
196,2	110
196,3	124
196,5	107
196,7	215
196,9	60
197,0	153
197,2	135
197,4	132
197,5	146
197,7	120
197,9	159
198,1	140
198,2	101
198,4	164
198,6	104
198,8	136
198,9	117
199,1	146
199,3	138
199,5	139
199,6	116
199,8	133
200,0	124
200,2	113
200,3	98
200,5	128
200,7	152
200,9	131
201,0	78
201,2	126
201,4	131
201,5	167
201,7	139
201,9	151
202,1	144
202,2	193
202,4	58
202,6	136
202,8	132
202,9	127
203,1	157
203,3	116
203,5	161
203,6	137
203,8	114
204,0	160
204,2	120
204,3	143
204,5	142
204,7	151
204,9	120
205,0	180
205,2	103
205,4	121
205,5	143
205,7	133
205,9	139
206,1	106
206,2	149
206,4	146
206,6	110
206,8	167
206,9	114
207,1	155
207,3	126
207,5	110
207,6	126
207,8	159
208,0	75
208,2	137
208,3	139
208,5	131
208,7	124
208,8	117
209,0	176
209,2	154
209,4	101
209,5	166
209,7	128
209,9	157
210,1	104
210,2	106
210,4	136
210,6	131
210,8	93
210,9	130
211,1	96
211,3	135
211,5	137
211,6	119
211,8	173
212,0	101
212,2	97
212,3	144
212,5	118
212,7	126
212,8	124
213,0	150
213,2	126
213,4	184
213,5	53
213,7	111
213,9	115
214,1	114
214,2	124
214,4	108
214,6	146
214,8	108
214,9	107
215,1	134
215,3	129
215,5	125
215,6	124
215,8	107
216,0	127
216,2	121
216,3	84
216,5	129
216,7	129
216,8	145
217,0	144
217,2	111
217,4	130
217,5	110
217,7	126
217,9	140
218,1	129
218,2	150
218,4	138
218,6	155
218,8	130
218,9	162
219,1	88
219,3	89
219,5	136
219,6	118
219,8	144
220,0	84
220,2	147
220,3	131
220,5	113
220,7	123
220,8	138
221,0	103
221,2	163
221,4	123
221,5	123
221,7	123
221,9	108
222,1	122
222,2	124
222,4	131
222,6	107
222,8	105
222,9	129
223,1	121
223,3	74
223,5	130
223,6	107
223,8	137
224,0	111
224,1	129
224,3	95
224,5	147
224,7	84
224,8	112
225,0	106
225,2	113
225,4	136
225,5	100
225,7	132
225,9	110
226,1	126
226,2	135
226,4	84
226,6	97
226,8	144
226,9	146
227,1	155
227,3	122
227,5	98
227,6	117
227,8	104
228,0	118
228,1	112
228,3	103
228,5	147
228,7	84
228,8	98
229,0	123
229,2	100
229,4	121
229,5	113
229,7	124
229,9	121
230,1	123
230,2	69
230,4	118
230,6	143
230,8	122
230,9	104
231,1	117
231,3	164
231,5	99
231,6	96
231,8	116
232,0	95
232,1	114
232,3	136
232,5	99
232,7	119
232,8	108
233,0	81
233,2	84
233,4	143
233,5	131
233,7	110
233,9	77
234,1	141
234,2	95
234,4	93
234,6	125
234,8	104
234,9	121
235,1	112
235,3	113
235,5	107
235,6	156
235,8	32
236,0	82
236,1	100
236,3	104
236,5	112
236,7	105
236,8	122
237,0	95
237,2	104
237,4	127
237,5	94
237,7	107
237,9	130
238,1	109
238,2	108
238,4	90
238,6	97
238,8	132
238,9	114
239,1	135
239,3	98
239,4	96
239,6	123
239,8	113
240,0	98
240,1	121
240,3	85
240,5	119
240,7	100
240,8	87
241,0	99
241,2	110
241,4	75
241,5	103
241,7	128
241,9	92
242,1	121
242,2	99
242,4	114
242,6	144
242,8	66
242,9	126
243,1	84
243,3	121
243,4	119
243,6	98
243,8	90
244,0	86
244,1	96
244,3	87
244,5	112
244,7	140
244,8	117
245,0	114
245,2	130
245,4	108
245,5	95
245,7	128
245,9	98
246,1	113
246,2	94
246,4	110
246,6	117
246,8	159
246,9	47
247,1	81
247,3	95
247,4	113
247,6	107
247,8	98
248,0	118
248,1	108
248,3	90
248,5	108
248,7	109
248,8	103
249,0	151
249,2	104
249,4	128
249,5	128
249,7	90
249,9	106
250,1	119
250,2	115
250,4	129
250,6	86
250,8	117
250,9	84
251,1	104
251,3	126
251,4	86
251,6	120
251,8	91
252,0	89
252,1	111
252,3	128
252,5	74
252,7	94
252,8	98
253,0	113
253,2	126
253,4	129
253,5	113
253,7	103
253,9	88
254,1	126
254,2	85
254,4	124
254,6	129
254,8	95
254,9	119
255,1	95
255,3	76
255,4	104
255,6	89
255,8	121
256,0	99
256,1	66
256,3	115
256,5	109
256,7	72
256,8	137
257,0	96
257,2	123
257,4	131
257,5	84
257,7	90
257,9	113
258,1	72
258,2	101
258,4	84
258,6	80
258,7	130
258,9	76
259,1	129
259,3	107
259,4	88
259,6	120
259,8	72
260,0	132
260,1	135
260,3	102
260,5	107
260,7	59
260,8	100
261,0	94
261,2	130
261,4	106
261,5	106
261,7	83
261,9	109
262,1	85
262,2	77
262,4	99
262,6	102
262,7	114
262,9	108
263,1	135
263,3	110
263,4	137
263,6	75
263,8	77
264,0	102
264,1	114
264,3	113
264,5	95
264,7	124
264,8	122
265,0	67
265,2	123
265,4	71
265,5	61
265,7	142
265,9	100
266,1	96
266,2	88
266,4	101
266,6	79
266,7	105
266,9	110
267,1	82
267,3	90
267,4	105
267,6	113
267,8	66
268,0	107
268,1	103
268,3	117
268,5	85
268,7	99
268,8	100
269,0	147
269,2	76
269,4	100
269,5	91
269,7	86
269,9	120
270,1	97
270,2	125
270,4	78
270,6	98
270,7	127
270,9	78
271,1	91
271,3	106
271,4	114
271,6	77
271,8	86
272,0	96
272,1	80
272,3	101
272,5	90
272,7	94
272,8	75
273,0	129
273,2	62
273,4	98
273,5	100
273,7	74
273,9	128
274,0	100
274,2	86
274,4	96
274,6	100
274,7	74
274,9	93
275,1	115
275,3	90
275,4	131
275,6	79
275,8	130
276,0	95
276,1	71
276,3	87
276,5	99
276,7	71
276,8	101
277,0	102
277,2	108
277,4	74
277,5	76
277,7	73
277,9	80
278,0	121
278,2	111
278,4	72
278,6	118
278,7	89
278,9	107
279,1	111
279,3	86
279,4	118
279,6	103
279,8	94
280,0	79
280,1	137
280,3	56
280,5	97
280,7	131
280,8	92
281,0	123
281,2	85
281,4	99
281,5	78
281,7	80
281,9	101
282,0	90
282,2	123
282,4	109
282,6	93
282,7	88
282,9	89
283,1	75
283,3	85
283,4	84
283,6	141
283,8	111
284,0	76
284,1	102
284,3	74
284,5	86
284,7	86
284,8	70
285,0	107
285,2	82
285,4	93
285,5	94
285,7	134
285,9	70
286,0	112
286,2	93
286,4	92
286,6	108
286,7	74
286,9	122
287,1	92
287,3	62
287,4	106
287,6	107
287,8	93
288,0	116
288,1	78
288,3	91
288,5	90
288,7	103
288,8	87
289,0	97
289,2	119
289,3	103
289,5	93
289,7	102
289,9	73
290,0	87
290,2	109
290,4	91
290,6	109
290,7	96
290,9	98
291,1	96
291,3	118
291,4	71
291,6	91
291,8	106
292,0	110
292,1	131
292,3	80
292,5	124
292,7	74
292,8	97
293,0	112
293,2	84
293,3	89
293,5	107
293,7	109
293,9	94
294,0	112
294,2	69
294,4	107
294,6	98
294,7	118
294,9	111
295,1	76
295,3	105
295,4	72
295,6	93
295,8	97
296,0	96
296,1	95
296,3	101
296,5	92
296,7	108
296,8	135
297,0	80
297,2	104
297,3	87
297,5	95
297,7	101
297,9	77
298,0	94
298,2	81
298,4	86
298,6	106
298,7	89
298,9	97
299,1	107
299,3	103
299,4	104
299,6	86
299,8	63
300,0	80
300,1	104
300,3	109
300,5	109
300,7	85
300,8	98
301,0	80
301,2	82
301,3	97
301,5	82
301,7	90
301,9	99
302,0	110
302,2	116
302,4	117
302,6	50
302,7	80
302,9	93
303,1	116
303,3	123
303,4	80
303,6	97
303,8	87
304,0	81
304,1	101
304,3	78
304,5	95
304,7	110
304,8	96
305,0	64
305,2	86
305,3	91
305,5	83
305,7	94
305,9	105
306,0	98
306,2	81
306,4	99
306,6	56
306,7	78
306,9	98
307,1	80
307,3	114
307,4	99
307,6	74
307,8	109
308,0	125
308,1	85
308,3	75
308,5	102
308,6	74
308,8	93
309,0	63
309,2	116
309,3	89
309,5	74
309,7	112
309,9	68
310,0	82
310,2	78
310,4	91
310,6	102
310,7	101
310,9	95
311,1	81
311,3	98
311,4	124
311,6	100
311,8	60
312,0	107
312,1	91
312,3	83
312,5	102
312,6	78
312,8	99
313,0	92
313,2	82
313,3	79
313,5	97
313,7	82
313,9	93
314,0	97
314,2	81
314,4	128
314,6	91
314,7	119
314,9	82
315,1	98
315,3	102
315,4	88
315,6	79
315,8	106
316,0	80
316,1	100
316,3	87
316,5	77
316,6	88
316,8	98
317,0	98
317,2	107
317,3	58
317,5	96
317,7	86
317,9	88
318,0	81
318,2	83
318,4	91
318,6	111
318,7	80
318,9	93
319,1	126
319,3	65
319,4	79
319,6	100
319,8	91
320,0	112
320,1	73
320,3	114
320,5	74
320,6	87
320,8	98
321,0	69
321,2	92
321,3	115
321,5	81
321,7	107
321,9	90
322,0	82
322,2	76
322,4	107
322,6	101
322,7	106
322,9	102
323,1	94
323,3	83
323,4	92
323,6	109
323,8	85
323,9	68
324,1	103
324,3	95
324,5	92
324,6	94
324,8	76
325,0	87
325,2	98
325,3	105
325,5	106
325,7	71
325,9	124
326,0	77
326,2	79
326,4	126
326,6	90
326,7	94
326,9	102
327,1	90
327,3	75
327,4	91
327,6	93
327,8	82
327,9	90
328,1	126
328,3	83
328,5	75
328,6	103
328,8	77
329,0	116
329,2	106
329,3	73
329,5	112
329,7	103
329,9	90
330,0	95
330,2	113
330,4	78
330,6	106
330,7	85
330,9	99
331,1	129
331,3	84
331,4	120
331,6	79
331,8	72
331,9	108
332,1	103
332,3	69
332,5	109
332,6	86
332,8	84
333,0	68
333,2	97
333,3	91
333,5	104
333,7	85
333,9	93
334,0	74
334,2	133
334,4	80
334,6	69
334,7	136
334,9	95
335,1	92
335,3	96
335,4	86
335,6	103
335,8	116
335,9	63
336,1	95
336,3	86
336,5	72
336,6	136
336,8	91
337,0	108
337,2	52
337,3	98
337,5	118
337,7	76
337,9	93
338,0	105
338,2	79
338,4	95
338,6	122
338,7	70
338,9	87
339,1	102
339,2	97
339,4	112
339,6	71
339,8	125
339,9	68
340,1	96
340,3	107
340,5	86
340,6	95
340,8	102
341,0	87
341,2	116
341,3	89
341,5	103
341,7	116
341,9	77
342,0	94
342,2	129
342,4	79
342,6	93
342,7	93
342,9	87
343,1	102
343,2	79
343,4	75
343,6	114
343,8	101
343,9	90
344,1	97
344,3	69
344,5	75
344,6	87
344,8	115
345,0	78
345,2	79
345,3	120
345,5	81
345,7	79
345,9	96
346,0	105
346,2	108
346,4	96
346,6	86
346,7	91
346,9	111
347,1	92
347,2	99
347,4	115
347,6	103
347,8	126
347,9	69
348,1	111
348,3	81
348,5	110
348,6	101
348,8	88
349,0	89
349,2	103
349,3	88
349,5	87
349,7	66
349,9	129
350,0	71
350,2	93
350,4	93
350,6	106
350,7	73
350,9	105
351,1	79
351,2	107
351,4	65
351,6	79
351,8	113
351,9	90
352,1	97
352,3	100
352,5	99
352,6	84
352,8	78
353,0	111
353,2	86
353,3	108
353,5	86
353,7	116
353,9	103
354,0	102
354,2	119
354,4	90
354,6	81
354,7	117
354,9	78
355,1	126
355,2	63
355,4	87
355,6	81
355,8	117
355,9	103
356,1	101
356,3	97
356,5	114
356,6	87
356,8	83
357,0	136
357,2	86
357,3	91
357,5	97
357,7	84
357,9	113
358,0	99
358,2	93
358,4	82
358,5	110
358,7	95
358,9	90
359,1	59
359,2	109
359,4	72
359,6	98
359,8	108
359,9	81
360,1	93
360,3	92
360,5	88
360,6	86
360,8	71
361,0	79
361,2	89
361,3	76
361,5	126
361,7	94
361,9	66
362,0	95
362,2	81
362,4	111
362,5	105
362,7	79
362,9	111
363,1	113
363,2	68
363,4	105
363,6	87
363,8	98
363,9	75
364,1	97
364,3	73
364,5	132
364,6	82
364,8	117
365,0	82
365,2	70
365,3	108
365,5	89
365,7	99
365,9	99
366,0	112
366,2	83
366,4	91
366,5	112
366,7	91
366,9	126
367,1	101
367,2	111
367,4	71
367,6	112
367,8	69
367,9	96
368,1	117
368,3	66
368,5	93
368,6	102
368,8	73
369,0	103
369,2	100
369,3	59
369,5	88
369,7	90
369,9	96
370,0	102
370,2	75
370,4	114
370,5	94
370,7	97
370,9	106
371,1	77
371,2	106
371,4	93
371,6	100
371,8	99
371,9	88
372,1	81
372,3	94
372,5	98
372,6	106
372,8	80
373,0	101
373,2	103
373,3	78
373,5	93
373,7	120
373,8	96
374,0	113
374,2	96
374,4	71
374,5	76
374,7	125
374,9	77
375,1	88
375,2	102
375,4	123
375,6	115
375,8	78
375,9	121
376,1	107
376,3	56
376,5	108
376,6	56
376,8	112
377,0	119
377,2	106
377,3	85
377,5	81
377,7	68
377,8	99
378,0	100
378,2	120
378,4	101
378,5	95
378,7	122
378,9	94
379,1	60
379,2	117
379,4	85
379,6	131
379,8	94
379,9	96
380,1	77
380,3	103
380,5	86
380,6	94
380,8	83
381,0	113
381,2	103
381,3	69
381,5	101
381,7	91
381,8	79
382,0	118
382,2	62
382,4	93
382,5	133
382,7	101
382,9	87
383,1	88
383,2	66
383,4	102
383,6	98
383,8	134
383,9	91
384,1	72
384,3	107
384,5	83
384,6	107
384,8	113
385,0	88
385,2	130
385,3	91
385,5	107
385,7	90
385,8	111
386,0	100
386,2	80
386,4	112
386,5	113
386,7	81
386,9	88
387,1	111
387,2	109
387,4	84
387,6	119
387,8	79
387,9	90
388,1	114
388,3	128
388,5	96
388,6	115
388,8	61
389,0	87
389,1	105
389,3	93
389,5	92
389,7	74
389,8	106
390,0	117
390,2	84
390,4	114
390,5	85
390,7	115
390,9	100
391,1	95
391,2	85
391,4	106
391,6	94
391,8	94
391,9	92
392,1	90
392,3	105
392,5	65
392,6	105
392,8	92
393,0	92
393,1	102
393,3	81
393,5	91
393,7	107
393,8	82
394,0	91
394,2	95
394,4	83
394,5	110
394,7	94
394,9	108
395,1	97
395,2	87
395,4	114
395,6	83
395,8	78
395,9	136
396,1	83
396,3	112
396,5	96
396,6	84
396,8	97
397,0	107
397,1	80
397,3	94
397,5	99
397,7	114
397,8	103
398,0	72
398,2	111
398,4	112
398,5	85
398,7	124
398,9	83
399,1	92
399,2	106
399,4	92
399,6	86
399,8	72
399,9	75
400,1	108
400,3	97
400,5	118
400,6	117
400,8	76
401,0	97
401,1	80
401,3	88
401,5	118
401,7	66
401,8	146
402,0	95
402,2	119
402,4	97
402,5	86
402,7	107
402,9	97
403,1	105
403,2	99
403,4	109
403,6	102
403,8	102
403,9	76
404,1	93
404,3	105
404,5	87
404,6	107
404,8	101
405,0	119
405,1	98
405,3	103
405,5	66
405,7	89
405,8	90
406,0	105
406,2	91
406,4	86
406,5	116
406,7	97
406,9	73
407,1	121
407,2	84
407,4	109
407,6	94
407,8	88
407,9	103
408,1	104
408,3	92
408,4	91
408,6	86
408,8	114
409,0	99
409,1	74
409,3	104
409,5	91
409,7	81
409,8	118
410,0	76
410,2	100
410,4	109
410,5	97
410,7	98
410,9	103
411,1	82
411,2	86
411,4	96
411,6	91
411,8	82
411,9	75
412,1	107
412,3	79
412,4	85
412,6	123
412,8	99
413,0	106
413,1	86
413,3	86
413,5	107
413,7	82
413,8	95
414,0	90
414,2	81
414,4	127
414,5	104
414,7	90
414,9	132
415,1	93
415,2	108
415,4	91
415,6	86
415,8	87
415,9	121
416,1	112
416,3	86
416,4	81
416,6	105
416,8	105
417,0	117
417,1	141
417,3	99
417,5	96
417,7	127
417,8	80
418,0	96
418,2	113
418,4	68
418,5	86
418,7	119
418,9	99
419,1	91
419,2	102
419,4	78
419,6	113
419,8	93
419,9	94
420,1	120
420,3	89
420,4	106
420,6	94
420,8	65
421,0	106
421,1	82
421,3	106
421,5	131
421,7	97
421,8	108
422,0	75
422,2	95
422,4	96
422,5	82
422,7	143
422,9	101
423,1	94
423,2	115
423,4	108
423,6	65
423,7	121
423,9	90
424,1	116
424,3	96
424,4	96
424,6	101
424,8	107
425,0	82
425,1	84
425,3	100
425,5	97
425,7	132
425,8	78
426,0	118
426,2	86
426,4	93
426,5	117
426,7	78
426,9	104
427,1	125
427,2	98
427,4	98
427,6	90
427,7	75
427,9	112
428,1	108
428,3	119
428,4	110
428,6	69
428,8	116
429,0	98
429,1	107
429,3	103
429,5	82
429,7	136
429,8	111
430,0	109
430,2	105
430,4	98
430,5	116
430,7	91
430,9	87
431,1	95
431,2	114
431,4	72
431,6	112
431,7	98
431,9	89
432,1	113
432,3	95
432,4	96
432,6	141
432,8	100
433,0	97
433,1	94
433,3	81
433,5	99
433,7	100
433,8	97
434,0	106
434,2	90
434,4	106
434,5	68
434,7	78
434,9	107
435,1	97
435,2	138
435,4	97
435,6	98
435,7	102
435,9	74
436,1	105
436,3	90
436,4	99
436,6	99
436,8	114
437,0	89
437,1	136
437,3	73
437,5	105
437,7	114
437,8	72
438,0	109
438,2	107
438,4	117
438,5	101
438,7	77
438,9	99
439,0	114
439,2	105
439,4	128
439,6	89
439,7	82
439,9	118
440,1	69
440,3	103
440,4	120
440,6	80
440,8	108
441,0	104
441,1	97
441,3	81
441,5	106
441,7	103
441,8	102
442,0	104
442,2	105
442,4	97
442,5	76
442,7	125
442,9	103
443,0	78
443,2	126
443,4	73
443,6	106
443,7	123
443,9	96
444,1	109
444,3	79
444,4	123
444,6	89
444,8	94
445,0	115
445,1	99
445,3	84
445,5	124
445,7	98
445,8	85
446,0	110
446,2	76
446,4	94
446,5	91
446,7	83
446,9	80
447,0	98
447,2	91
447,4	80
447,6	92
447,7	73
447,9	104
448,1	107
448,3	115
448,4	66
448,6	98
448,8	117
449,0	72
449,1	81
449,3	116
449,5	85
449,7	96
449,8	82
450,0	74
450,2	73
450,4	93
450,5	90
450,7	100
450,9	72
451,0	105
451,2	71
451,4	92
451,6	103
451,7	94
451,9	110
452,1	92
452,3	90
452,4	93
452,6	96
452,8	88
453,0	62
453,1	94
453,3	77
453,5	106
453,7	62
453,8	74
454,0	80
454,2	73
454,4	80
454,5	61
454,7	78
454,9	87
455,0	92
455,2	87
455,4	72
455,6	75
455,7	85
455,9	85
456,1	91
456,3	79
456,4	58
456,6	92
456,8	79
457,0	80
457,1	93
457,3	65
457,5	93
457,7	89
457,8	74
458,0	63
458,2	75
458,3	90
458,5	71
458,7	60
458,9	79
459,0	94
459,2	65
459,4	103
459,6	65
459,7	78
459,9	79
460,1	56
460,3	72
460,4	93
460,6	72
460,8	92
461,0	61
461,1	80
461,3	68
461,5	90
461,7	76
461,8	79
462,0	58
462,2	87
462,3	60
462,5	58
462,7	89
462,9	57
463,0	82
463,2	63
463,4	56
463,6	54
463,7	76
463,9	81
464,1	49
464,3	58
464,4	70
464,6	93
464,8	52
465,0	99
465,1	55
465,3	56
465,5	80
465,7	67
465,8	61
466,0	81
466,2	71
466,3	59
466,5	57
466,7	74
466,9	73
467,0	54
467,2	59
467,4	62
467,6	48
467,7	81
467,9	64
468,1	38
468,3	66
468,4	37
468,6	63
468,8	58
469,0	46
469,1	51
469,3	63
469,5	58
469,7	79
469,8	59
470,0	54
470,2	54
470,3	45
470,5	72
470,7	43
470,9	55
471,0	65
471,2	44
471,4	58
471,6	67
471,7	61
471,9	39
472,1	58
472,3	44
472,4	49
472,6	46
472,8	52
473,0	58
473,1	39
473,3	65
473,5	50
473,6	44
473,8	47
474,0	44
474,2	55
474,3	30
474,5	42
474,7	42
474,9	45
475,0	46
475,2	58
475,4	48
475,6	55
475,7	43
475,9	39
476,1	56
476,3	43
476,4	39
476,6	63
476,8	40
477,0	47
477,1	45
477,3	52
477,5	61
477,6	39
477,8	34
478,0	47
478,2	34
478,3	56
478,5	58
478,7	37
478,9	59
479,0	35
479,2	37
479,4	60
479,6	33
479,7	51
479,9	51
480,1	45
480,3	33
480,4	44
480,6	41
480,8	50
481,0	41
481,1	40
481,3	42
481,5	24
481,6	51
481,8	36
482,0	35
482,2	42
482,3	36
482,5	47
482,7	35
482,9	47
483,0	37
483,2	21
483,4	42
483,6	38
483,7	49
483,9	48
484,1	32
484,3	24
484,4	46
484,6	35
484,8	47
485,0	35
485,1	28
485,3	53
485,5	29
485,6	53
485,8	40
486,0	55
486,2	34
486,3	40
486,5	29
486,7	31
486,9	53
487,0	19
487,2	43
487,4	32
487,6	29
487,7	53
487,9	37
488,1	31
488,3	39
488,4	40
488,6	34
488,8	16
488,9	49
489,1	34
489,3	43
489,5	55
489,6	36
489,8	23
490,0	33
490,2	35
490,3	30
490,5	38
490,7	29
490,9	28
491,0	36
491,2	30
491,4	35
491,6	23
491,7	51
491,9	34
492,1	30
492,3	29
492,4	57
492,6	18
492,8	29
492,9	22
493,1	39
493,3	36
493,5	27
493,6	22
493,8	28
494,0	39
494,2	34
494,3	24
494,5	27
494,7	21
494,9	27
495,0	47
495,2	28
495,4	28
495,6	30
495,7	34
495,9	26
496,1	30
496,3	21
496,4	38
496,6	23
496,8	36
496,9	24
497,1	39
497,3	41
497,5	35
497,6	40
497,8	43
498,0	49
498,2	24
498,3	32
498,5	14
498,7	34
498,9	33
499,0	28
499,2	49
499,4	29
499,6	30
499,7	34
499,9	26
500,1	18
500,3	33
500,4	30
500,6	24
500,8	31
500,9	26
501,1	42
501,3	18
501,5	18
501,6	32
501,8	19
502,0	27
502,2	35
502,3	29
502,5	30
502,7	22
502,9	42
503,0	34
503,2	23
503,4	25
503,6	40
503,7	19
503,9	29
504,1	24
504,3	21
504,4	56
504,6	18
504,8	36
504,9	34
505,1	23
505,3	35
505,5	22
505,6	37
505,8	29
506,0	21
506,2	27
506,3	26
506,5	22
506,7	22
506,9	28
507,0	12
507,2	25
507,4	16
507,6	33
507,7	30
507,9	22
508,1	23
508,2	33
508,4	28
508,6	27
508,8	28
508,9	27
509,1	32
509,3	24
509,5	39
509,6	23
509,8	30
510,0	37
510,2	23
510,3	19
510,5	42
510,7	30
510,9	35
511,0	10
511,2	27
511,4	26
511,6	19
511,7	23
511,9	26
512,1	17
512,2	31
512,4	23
512,6	34
512,8	34
512,9	27
513,1	31
513,3	19
513,5	24
513,6	38
513,8	27
514,0	26
514,2	22
514,3	29
514,5	21
514,7	32
514,9	24
515,0	31
515,2	18
515,4	18
515,6	30
515,7	18
515,9	34
516,1	29
516,2	24
516,4	18
516,6	19
516,8	13
516,9	26
517,1	17
517,3	13
517,5	27
517,6	14
517,8	23
518,0	9
518,2	26
518,3	23
518,5	10
518,7	17
518,9	21
519,0	16
519,2	11
519,4	10
519,6	17
519,7	26
519,9	21
520,1	16
520,2	25
520,4	18
520,6	27
520,8	14
520,9	15
521,1	14
521,3	17
521,5	10
521,6	37
521,8	14
522,0	21
522,2	23
522,3	37
522,5	25
522,7	25
522,9	22
523,0	29
523,2	10
523,4	34
523,5	16
523,7	14
523,9	25
524,1	19
524,2	31
524,4	20
524,6	19
524,8	24
524,9	16
525,1	12
525,3	22
525,5	18
525,6	23
525,8	30
526,0	12
526,2	31
526,3	15
526,5	17
526,7	16
526,9	13
527,0	22
527,2	28
527,4	31
527,5	15
527,7	11
527,9	30
528,1	18
528,2	14
528,4	17
528,6	14
528,8	13
528,9	26
529,1	24
529,3	11
529,5	18
529,6	15
529,8	34
530,0	17
530,2	8
530,3	17
530,5	20
530,7	18
530,9	25
531,0	9
531,2	13
531,4	35
531,5	16
531,7	19
531,9	20
532,1	16
532,2	28
532,4	4
532,6	15
532,8	22
532,9	18
533,1	25
533,3	15
533,5	29
533,6	22
533,8	17
534,0	30
534,2	18
534,3	9
534,5	28
534,7	14
534,9	11
535,0	10
535,2	11
535,4	13
535,5	13
535,7	16
535,9	12
536,1	20
536,2	14
536,4	20
536,6	13
536,8	24
536,9	25
537,1	12
537,3	26
537,5	15
537,6	16
537,8	21
538,0	13
538,2	18
538,3	14
538,5	16
538,7	16
538,8	15
539,0	24
539,2	20
539,4	10
539,5	25
539,7	21
539,9	9
540,1	21
540,2	16
540,4	21
540,6	17
540,8	17
540,9	16
541,1	19
541,3	16
541,5	16
541,6	18
541,8	14
542,0	19
542,2	14
542,3	14
542,5	21
542,7	4
542,8	22
543,0	20
543,2	12
543,4	26
543,5	10
543,7	10
543,9	31
544,1	24
544,2	18
544,4	15
544,6	11
544,8	13
544,9	16
545,1	15
545,3	16
545,5	9
545,6	19
545,8	16
546,0	26
546,2	22
546,3	14
546,5	21
546,7	26
546,8	23
547,0	17
547,2	6
547,4	24
547,5	9
547,7	20
547,9	29
548,1	25
548,2	15
548,4	21
548,6	14
548,8	18
548,9	15
549,1	22
549,3	11
549,5	19
549,6	15
549,8	16
550,0	18
550,2	13
550,3	9
550,5	14
550,7	17
550,8	16
551,0	13
551,2	22
551,4	14
551,5	14
551,7	20
551,9	4
552,1	14
552,2	15
552,4	13
552,6	14
552,8	8
552,9	14
553,1	11
553,3	14
553,5	10
553,6	5
553,8	19
554,0	18
554,1	16
554,3	16
554,5	18
554,7	5
554,8	10
555,0	20
555,2	16
555,4	21
555,5	6
555,7	14
555,9	3
556,1	15
556,2	22
556,4	26
556,6	25
556,8	22
556,9	10
557,1	16
557,3	14
557,5	14
557,6	21
557,8	4
558,0	33
558,1	8
558,3	9
558,5	15
558,7	16
558,8	15
559,0	14
559,2	20
559,4	11
559,5	6
559,7	5
559,9	6
560,1	26
560,2	15
560,4	7
560,6	13
560,8	13
560,9	12
561,1	25
561,3	13
561,5	21
561,6	9
561,8	11
562,0	9
562,1	9
562,3	7
562,5	8
562,7	7
562,8	20
563,0	15
563,2	14
563,4	14
563,5	16
563,7	12
563,9	13
564,1	15
564,2	19
564,4	12
564,6	10
564,8	18
564,9	14
565,1	10
565,3	15
565,5	11
565,6	27
565,8	11
566,0	16
566,1	20
566,3	11
566,5	22
566,7	13
566,8	20
567,0	12
567,2	12
567,4	22
567,5	5
567,7	14
567,9	17
568,1	6
568,2	12
568,4	12
568,6	13
568,8	20
568,9	16
569,1	11
569,3	15
569,5	8
569,6	12
569,8	19
570,0	16
570,1	10
570,3	25
570,5	10
570,7	19
570,8	12
571,0	10
571,2	9
571,4	17
571,5	10
571,7	13
571,9	10
572,1	7
572,2	13
572,4	16
572,6	10
572,8	8
572,9	20
573,1	3
573,3	10
573,4	13
573,6	14
573,8	10
574,0	14
574,1	10
574,3	17
574,5	14
574,7	12
574,8	8
575,0	6
575,2	11
575,4	7
575,5	5
575,7	2
575,9	19
576,1	16
576,2	18
576,4	9
576,6	12
576,8	16
576,9	4
577,1	10
577,3	7
577,4	8
577,6	12
577,8	10
578,0	12
578,1	11
578,3	8
578,5	14
578,7	10
578,8	18
579,0	15
579,2	7
579,4	11
579,5	7
579,7	20
579,9	8
580,1	18
580,2	16
580,4	15
580,6	17
580,8	13
580,9	15
581,1	7
581,3	12
581,4	12
581,6	4
581,8	20
582,0	12
582,1	14
582,3	20
582,5	9
582,7	10
582,8	14
583,0	17
583,2	8
583,4	13
583,5	7
583,7	16
583,9	13
584,1	19
584,2	9
584,4	8
584,6	12
584,8	9
584,9	7
585,1	9
585,3	6
585,4	11
585,6	14
585,8	11
586,0	9
586,1	16
586,3	11
586,5	17
586,7	13
586,8	9
587,0	10
587,2	9
587,4	16
587,5	8
587,7	15
587,9	7
588,1	12
588,2	1
588,4	9
588,6	3
588,7	17
588,9	6
589,1	10
589,3	15
589,4	9
589,6	0
589,8	21
590,0	13
590,1	11
590,3	10
590,5	3
590,7	23
590,8	11
591,0	12
591,2	4
591,4	26
591,5	6
591,7	7
591,9	7
592,1	10
592,2	6
592,4	12
592,6	21
592,7	9
592,9	28
593,1	15
593,3	14
593,4	20
593,6	7
593,8	12
594,0	3
594,1	10
594,3	12
594,5	13
594,7	8
594,8	17
595,0	21
595,2	17
595,4	2
595,5	13
595,7	17
595,9	18
596,1	12
596,2	14
596,4	7
596,6	13
596,7	8
596,9	13
597,1	24
597,3	15
597,4	14
597,6	18
597,8	11
598,0	18
598,1	5
598,3	12
598,5	23
598,7	16
598,8	11
599,0	13
599,2	4
599,4	14
599,5	18
599,7	9
599,9	3
600,1	2
600,2	12
600,4	14
600,6	11
600,7	14
600,9	19
601,1	14
601,3	21
601,4	3
601,6	10
601,8	17
602,0	9
602,1	21
602,3	18
602,5	25
602,7	11
602,8	9
603,0	12
603,2	13
603,4	20
603,5	17
603,7	12
603,9	23
604,0	19
604,2	12
604,4	16
604,6	18
604,7	14
604,9	17
605,1	22
605,3	20
605,4	20
605,6	14
605,8	3
606,0	28
606,1	20
606,3	13
606,5	26
606,7	23
606,8	19
607,0	17
607,2	11
607,4	26
607,5	20
607,7	25
607,9	23
608,0	17
608,2	20
608,4	24
608,6	21
608,7	21
608,9	19
609,1	22
609,3	36
609,4	17
609,6	24
609,8	11
610,0	24
610,1	28
610,3	17
610,5	32
610,7	19
610,8	25
611,0	23
611,2	25
611,4	21
611,5	22
611,7	19
611,9	14
612,0	26
612,2	19
612,4	35
612,6	30
612,7	21
612,9	39
613,1	14
613,3	36
613,4	34
613,6	37
613,8	38
614,0	20
614,1	37
614,3	30
614,5	29
614,7	41
614,8	54
615,0	22
615,2	39
615,4	29
615,5	41
615,7	33
615,9	30
616,0	30
616,2	48
616,4	49
616,6	32
616,7	44
616,9	50
617,1	49
617,3	36
617,4	52
617,6	49
617,8	34
618,0	51
618,1	29
618,3	55
618,5	69
618,7	51
618,8	68
619,0	68
619,2	40
619,4	54
619,5	64
619,7	46
619,9	47
620,0	63
620,2	53
620,4	72
620,6	50
620,7	88
620,9	63
621,1	54
621,3	71
621,4	54
621,6	53
621,8	96
622,0	73
622,1	69
622,3	49
622,5	102
622,7	70
622,8	77
623,0	92
623,2	96
623,3	48
623,5	104
623,7	78
623,9	80
624,0	128
624,2	69
624,4	95
624,6	102
624,7	92
624,9	99
625,1	105
625,3	85
625,4	86
625,6	91
625,8	87
626,0	127
626,1	107
626,3	133
626,5	55
626,7	129
626,8	134
627,0	107
627,2	127
627,3	147
627,5	109
627,7	119
627,9	85
628,0	104
628,2	119
628,4	129
628,6	161
628,7	130
628,9	100
629,1	172
629,3	100
629,4	176
629,6	186
629,8	123
630,0	197
630,1	151
630,3	154
630,5	147
630,7	165
630,8	162
631,0	163
631,2	170
631,3	140
631,5	202
631,7	132
631,9	222
632,0	162
632,2	191
632,4	190
632,6	144
632,7	162
632,9	249
633,1	201
633,3	208
633,4	169
633,6	176
633,8	191
634,0	212
634,1	237
634,3	237
634,5	134
634,7	276
634,8	190
635,0	215
635,2	280
635,3	195
635,5	214
635,7	264
635,9	227
636,0	205
636,2	217
636,4	219
636,6	204
636,7	230
636,9	243
637,1	306
637,3	210
637,4	303
637,6	199
637,8	240
638,0	355
638,1	204
638,3	281
638,5	328
638,6	293
638,8	250
639,0	213
639,2	243
639,3	252
639,5	302
639,7	385
639,9	273
640,0	265
640,2	387
640,4	225
640,6	298
640,7	386
640,9	248
641,1	367
641,3	293
641,4	316
641,6	303
641,8	279
642,0	333
642,1	288
642,3	343
642,5	320
642,6	399
642,8	269
643,0	417
643,2	342
643,3	288
643,5	433
643,7	269
643,9	320
644,0	490
644,2	369
644,4	368
644,6	262
644,7	348
644,9	379
645,1	366
645,3	445
645,4	406
645,6	313
645,8	486
646,0	365
646,1	323
646,3	480
646,5	322
646,6	487
646,8	382
647,0	433
647,2	367
647,3	365
647,5	445
647,7	415
647,9	446
648,0	437
648,2	570
648,4	307
648,6	503
648,7	338
648,9	414
649,1	541
649,3	301
649,4	467
649,6	532
649,8	419
650,0	460
650,1	442
650,3	357
650,5	454
650,6	490
650,8	532
651,0	437
651,2	352
651,3	590
651,5	344
651,7	483
651,9	530
652,0	374
652,2	553
652,4	512
652,6	490
652,7	521
652,9	406
653,1	476
653,3	448
653,4	502
653,6	461
653,8	617
653,9	373
654,1	651
654,3	443
654,5	380
654,6	596
654,8	344
655,0	438
655,2	603
655,3	479
655,5	482
655,7	487
655,9	419
656,0	456
656,2	520
656,4	619
656,6	495
656,7	356
656,9	658
657,1	463
657,3	388
657,4	600
657,6	377
657,8	578
657,9	519
658,1	467
658,3	491
658,5	454
658,6	457
658,8	462
659,0	482
659,2	546
659,3	648
659,5	397
659,7	628
659,9	345
660,0	561
660,2	649
660,4	402
660,6	422
660,7	622
660,9	476
661,1	460
661,3	350
661,4	488
661,6	463
661,8	505
661,9	556
662,1	484
662,3	350
662,5	566
662,6	337
662,8	493
663,0	578
663,2	385
663,3	532
663,5	437
663,7	508
663,9	427
664,0	515
664,2	373
664,4	440
664,6	476
664,7	463
664,9	553
665,1	339
665,3	588
665,4	451
665,6	376
665,8	517
665,9	389
666,1	450
666,3	541
666,5	420
666,6	434
666,8	288
667,0	458
667,2	424
667,3	425
667,5	517
667,7	454
667,9	330
668,0	542
668,2	399
668,4	353
668,6	475
668,7	349
668,9	475
669,1	467
669,3	415
669,4	395
669,6	240
669,8	477
669,9	355
670,1	411
670,3	353
670,5	487
670,6	303
670,8	469
671,0	240
671,2	445
671,3	468
671,5	307
671,7	327
671,9	490
672,0	375
672,2	352
672,4	292
672,6	315
672,7	336
672,9	341
673,1	400
673,2	348
673,4	242
673,6	405
673,8	230
673,9	359
674,1	440
674,3	291
674,5	414
674,6	305
674,8	329
675,0	334
675,2	322
675,3	278
675,5	295
675,7	319
675,9	249
676,0	395
676,2	217
676,4	363
676,6	219
676,7	247
676,9	329
677,1	191
677,2	239
677,4	315
677,6	245
677,8	263
677,9	222
678,1	211
678,3	255
678,5	238
678,6	276
678,8	268
679,0	185
679,2	330
679,3	205
679,5	210
679,7	295
679,9	198
680,0	283
680,2	258
680,4	240
680,6	215
680,7	200
680,9	220
681,1	196
681,2	222
681,4	208
681,6	276
681,8	149
681,9	265
682,1	131
682,3	210
682,5	234
682,6	150
682,8	171
683,0	255
683,2	175
683,3	187
683,5	125
683,7	199
683,9	179
684,0	186
684,2	223
684,4	161
684,6	121
684,7	215
684,9	112
685,1	154
685,2	177
685,4	127
685,6	169
685,8	156
685,9	154
686,1	129
686,3	126
686,5	130
686,6	130
686,8	122
687,0	137
687,2	190
687,3	77
687,5	165
687,7	114
687,9	107
688,0	131
688,2	93
688,4	83
688,5	139
688,7	100
688,9	109
689,1	77
689,2	137
689,4	100
689,6	121
689,8	120
689,9	93
690,1	77
690,3	135
690,5	83
690,6	74
690,8	114
691,0	78
691,2	126
691,3	92
691,5	106
691,7	77
691,9	76
692,0	74
692,2	91
692,4	70
692,5	58
692,7	82
692,9	61
693,1	93
693,2	51
693,4	92
693,6	72
693,8	56
693,9	74
694,1	91
694,3	63
694,5	59
694,6	57
694,8	53
695,0	57
695,2	51
695,3	66
695,5	49
695,7	38
695,9	66
696,0	34
696,2	57
696,4	75
696,5	36
696,7	52
696,9	37
697,1	41
697,2	55
697,4	31
697,6	63
697,8	36
697,9	51
698,1	38
698,3	59
698,5	26
698,6	47
698,8	35
699,0	22
699,2	60
699,3	24
699,5	27
699,7	33
699,9	32
700,0	38
700,2	30
700,4	33
700,5	24
700,7	33
700,9	34
701,1	28
701,2	23
701,4	38
701,6	22
701,8	16
701,9	29
702,1	16
702,3	27
702,5	16
702,6	13
702,8	11
703,0	22
703,2	25
703,3	20
703,5	19
703,7	19
703,8	30
704,0	18
704,2	20
704,4	7
704,5	17
704,7	22
704,9	10
705,1	22
705,2	16
705,4	12
705,6	19
705,8	14
705,9	13
706,1	7
706,3	17
706,5	7
706,6	8
706,8	5
707,0	18
707,2	13
707,3	11
707,5	18
707,7	8
707,8	22
708,0	11
708,2	11
708,4	12
708,5	13
708,7	13
