
13,2	0
13,4	0
13,6	0
13,8	0
13,9	0
14,1	0
14,3	0
14,5	0
14,6	0
14,8	0
15,0	0
15,2	0
15,3	0
15,5	0
15,7	0
15,9	0
16,0	0
16,2	1
16,4	1
16,6	0
16,7	0
16,9	0
17,1	0
17,2	0
17,4	0
17,6	1
17,8	0
17,9	0
18,1	2
18,3	0
18,5	0
18,6	0
18,8	1
19,0	0
19,2	0
19,3	0
19,5	0
19,7	0
19,9	0
20,0	0
20,2	0
20,4	0
20,6	0
20,7	0
20,9	0
21,1	0
21,2	0
21,4	0
21,6	1
21,8	0
21,9	1
22,1	1
22,3	3
22,5	14
22,6	58
22,8	31
23,0	12
23,2	16
23,3	9
23,5	22
23,7	40
23,9	46
24,0	21
24,2	40
24,4	59
24,5	269
24,7	285
24,9	296
25,1	348
25,2	325
25,4	428
25,6	464
25,8	365
25,9	545
26,1	494
26,3	577
26,5	572
26,6	645
26,8	665
27,0	926
27,2	519
27,3	829
27,5	899
27,7	956
27,9	898
28,0	961
28,2	1030
28,4	1080
28,5	856
28,7	1157
28,9	1031
29,1	1182
29,2	1021
29,4	1081
29,6	1107
29,8	1585
29,9	652
30,1	981
30,3	1018
30,5	956
30,6	853
30,8	789
31,0	905
31,2	827
31,3	592
31,5	760
31,7	636
31,9	645
32,0	600
32,2	544
32,4	563
32,5	575
32,7	336
32,9	444
33,1	432
33,2	430
33,4	349
33,6	339
33,8	415
33,9	379
34,1	247
34,3	390
34,5	282
34,6	348
34,8	277
35,0	286
35,2	289
35,3	430
35,5	116
35,7	255
35,9	245
36,0	245
36,2	244
36,4	217
36,5	232
36,7	212
36,9	175
37,1	234
37,2	191
37,4	201
37,6	181
37,8	174
37,9	138
38,1	188
38,3	111
38,5	156
38,6	150
38,8	169
39,0	111
39,2	116
39,3	144
39,5	149
39,7	113
39,9	145
40,0	129
40,2	133
40,4	125
40,5	133
40,7	118
40,9	185
41,1	77
41,2	105
41,4	129
41,6	115
41,8	132
41,9	117
42,1	126
42,3	130
42,5	92
42,6	142
42,8	118
43,0	129
43,2	99
43,3	99
43,5	101
43,7	139
43,8	95
44,0	110
44,2	133
44,4	111
44,5	116
44,7	102
44,9	107
45,1	135
45,2	87
45,4	117
45,6	125
45,8	128
45,9	125
46,1	136
46,3	103
46,5	189
46,6	60
46,8	115
47,0	115
47,2	122
47,3	144
47,5	107
47,7	133
47,8	117
48,0	133
48,2	128
48,4	132
48,5	134
48,7	132
48,9	128
49,1	134
49,2	153
49,4	96
49,6	121
49,8	136
49,9	129
50,1	121
50,3	116
50,5	158
50,6	130
50,8	126
51,0	127
51,2	114
51,3	133
51,5	141
51,7	122
51,8	130
52,0	181
52,2	75
52,4	127
52,5	139
52,7	142
52,9	120
53,1	92
53,2	136
53,4	144
53,6	109
53,8	152
53,9	127
54,1	133
54,3	135
54,5	147
54,6	130
54,8	163
55,0	96
55,2	142
55,3	140
55,5	148
55,7	162
55,8	138
56,0	152
56,2	145
56,4	124
56,5	171
56,7	134
56,9	162
57,1	131
57,2	153
57,4	165
57,6	248
57,8	64
57,9	127
58,1	152
58,3	164
58,5	144
58,6	146
58,8	164
59,0	170
59,1	135
59,3	156
59,5	124
59,7	147
59,8	137
60,0	179
60,2	161
60,4	167
60,5	103
60,7	146
60,9	165
61,1	213
61,2	122
61,4	160
61,6	193
61,8	158
61,9	156
62,1	175
62,3	166
62,5	174
62,6	175
62,8	172
63,0	150
63,1	211
63,3	109
63,5	173
63,7	158
63,8	158
64,0	174
64,2	130
64,4	165
64,5	132
64,7	127
64,9	182
65,1	194
65,2	167
65,4	184
65,6	155
65,8	191
65,9	195
66,1	124
66,3	169
66,5	198
66,6	200
66,8	162
67,0	154
67,1	191
67,3	168
67,5	135
67,7	183
67,8	162
68,0	181
68,2	182
68,4	175
68,5	163
68,7	250
68,9	72
69,1	154
69,2	191
69,4	179
69,6	189
69,8	166
69,9	194
70,1	156
70,3	167
70,5	201
70,6	149
70,8	190
71,0	210
71,1	177
71,3	163
71,5	220
71,7	139
71,8	166
72,0	197
72,2	207
72,4	154
72,5	160
72,7	185
72,9	155
73,1	182
73,2	209
73,4	166
73,6	211
73,8	190
73,9	199
74,1	182
74,3	258
74,4	150
74,6	182
74,8	211
75,0	215
75,1	209
75,3	169
75,5	236
75,7	204
75,8	170
76,0	197
76,2	192
76,4	199
76,5	184
76,7	211
76,9	203
77,1	202
77,2	164
77,4	192
77,6	203
77,8	232
77,9	213
78,1	168
78,3	237
78,4	223
78,6	173
78,8	231
79,0	196
79,1	219
79,3	219
79,5	189
79,7	206
79,8	284
80,0	116
80,2	175
80,4	214
80,5	204
80,7	199
80,9	204
81,1	245
81,2	159
81,4	190
81,6	205
81,8	194
81,9	199
82,1	221
82,3	206
82,4	202
82,6	193
82,8	155
83,0	205
83,1	240
83,3	207
83,5	201
83,7	178
83,8	208
84,0	183
84,2	182
84,4	214
84,5	194
84,7	210
84,9	197
85,1	205
85,2	195
85,4	285
85,6	130
85,8	164
85,9	199
86,1	189
86,3	237
86,4	175
86,6	229
86,8	183
87,0	143
87,1	217
87,3	178
87,5	175
87,7	231
87,8	192
88,0	201
88,2	207
88,4	192
88,5	200
88,7	241
88,9	194
89,1	203
89,2	166
89,4	257
89,6	216
89,8	172
89,9	225
90,1	189
90,3	223
90,4	189
90,6	218
90,8	205
91,0	281
91,1	100
91,3	186
91,5	222
91,7	208
91,8	234
92,0	191
92,2	255
92,4	183
92,5	221
92,7	213
92,9	196
93,1	205
93,2	231
93,4	221
93,6	200
93,7	218
93,9	157
94,1	184
94,3	191
94,4	193
94,6	186
94,8	175
95,0	225
95,1	172
95,3	181
95,5	208
95,7	193
95,8	207
96,0	203
96,2	189
96,4	181
96,5	267
96,7	160
96,9	197
97,1	184
97,2	190
97,4	212
97,6	176
97,7	222
97,9	188
98,1	171
98,3	216
98,4	189
98,6	198
98,8	210
99,0	187
99,1	190
99,3	170
99,5	169
99,7	190
99,8	177
100,0	182
100,2	189
100,4	164
100,5	236
100,7	165
100,9	176
101,1	185
101,2	183
101,4	171
101,6	203
101,7	182
101,9	180
102,1	322
102,3	78
102,4	164
102,6	201
102,8	188
103,0	208
103,1	181
103,3	188
103,5	162
103,7	139
103,8	173
104,0	177
104,2	176
104,4	190
104,5	207
104,7	156
104,9	214
105,1	133
105,2	172
105,4	190
105,6	242
105,7	186
105,9	150
106,1	201
106,3	188
106,4	156
106,6	214
106,8	181
107,0	169
107,1	174
107,3	175
107,5	182
107,7	268
107,8	109
108,0	186
108,2	197
108,4	198
108,5	202
108,7	180
108,9	191
109,0	189
109,2	148
109,4	219
109,6	191
109,7	204
109,9	208
110,1	187
110,3	199
110,4	200
110,6	146
110,8	205
111,0	189
111,1	234
111,3	190
111,5	170
111,7	178
111,8	194
112,0	163
112,2	198
112,4	157
112,5	214
112,7	194
112,9	190
113,0	202
113,2	275
113,4	89
113,6	173
113,7	209
113,9	180
114,1	192
114,3	181
114,4	222
114,6	178
114,8	158
115,0	226
115,1	174
115,3	180
115,5	211
115,7	206
115,8	164
116,0	237
116,2	141
116,4	176
116,5	186
116,7	184
116,9	197
117,0	172
117,2	235
117,4	199
117,6	172
117,7	205
117,9	206
118,1	215
118,3	154
118,4	194
118,6	178
118,8	272
119,0	152
119,1	173
119,3	192
119,5	186
119,7	209
119,8	169
120,0	222
120,2	194
120,4	172
120,5	208
120,7	168
120,9	191
121,0	208
121,2	198
121,4	196
121,6	209
121,7	158
121,9	216
122,1	197
122,3	208
122,4	196
122,6	165
122,8	217
123,0	186
123,1	146
123,3	182
123,5	159
123,7	194
123,8	184
124,0	195
124,2	188
124,3	313
124,5	93
124,7	177
124,9	208
125,0	171
125,2	214
125,4	161
125,6	211
125,7	182
125,9	145
126,1	187
126,3	184
126,4	175
126,6	175
126,8	180
127,0	174
127,1	191
127,3	155
127,5	181
127,7	186
127,8	212
128,0	179
128,2	139
128,3	189
128,5	183
128,7	164
128,9	210
129,0	162
129,2	180
129,4	175
129,6	180
129,7	186
129,9	254
130,1	124
130,3	173
130,4	186
130,6	179
130,8	212
131,0	140
131,1	186
131,3	182
131,5	151
131,7	224
131,8	179
132,0	187
132,2	206
132,3	210
132,5	181
132,7	167
132,9	149
133,0	176
133,2	164
133,4	207
133,6	185
133,7	170
133,9	198
134,1	183
134,3	157
134,4	216
134,6	179
134,8	208
135,0	185
135,1	178
135,3	214
135,5	254
135,7	130
135,8	190
136,0	183
136,2	173
136,3	224
136,5	163
136,7	256
136,9	163
137,0	191
137,2	208
137,4	169
137,6	208
137,7	220
137,9	189
138,1	213
138,3	226
138,4	121
138,6	178
138,8	189
139,0	188
139,1	178
139,3	155
139,5	209
139,7	166
139,8	192
140,0	221
140,2	157
140,3	209
140,5	190
140,7	145
140,9	176
141,0	240
141,2	132
141,4	174
141,6	200
141,7	139
141,9	165
142,1	146
142,3	229
142,4	163
142,6	167
142,8	183
143,0	170
143,1	170
143,3	189
143,5	161
143,6	175
143,8	174
144,0	132
144,2	158
144,3	182
144,5	195
144,7	170
144,9	131
145,0	233
145,2	170
145,4	155
145,6	198
145,7	166
145,9	184
146,1	167
146,3	183
146,4	161
146,6	249
146,8	118
147,0	139
147,1	174
147,3	213
147,5	206
147,6	148
147,8	236
148,0	183
148,2	169
148,3	193
148,5	145
148,7	165
148,9	169
149,0	178
149,2	198
149,4	170
149,6	158
149,7	203
149,9	226
150,1	204
150,3	196
150,4	121
150,6	185
150,8	167
151,0	153
151,1	181
151,3	151
151,5	196
151,6	170
151,8	201
152,0	161
152,2	244
152,3	137
152,5	164
152,7	180
152,9	174
153,0	168
153,2	154
153,4	198
153,6	170
153,7	148
153,9	166
154,1	158
154,3	178
154,4	188
154,6	170
154,8	180
155,0	158
155,1	164
155,3	143
155,5	164
155,6	181
155,8	177
156,0	134
156,2	196
156,3	165
156,5	145
156,7	175
156,9	164
157,0	169
157,2	191
157,4	173
157,6	172
157,7	255
157,9	103
158,1	153
158,3	154
158,4	170
158,6	190
158,8	135
158,9	168
159,1	153
159,3	179
159,5	165
159,6	144
159,8	172
160,0	172
160,2	172
160,3	177
160,5	176
160,7	128
160,9	184
161,0	175
161,2	183
161,4	164
161,6	118
161,7	205
161,9	161
162,1	189
162,3	194
162,4	147
162,6	169
162,8	162
162,9	150
163,1	158
163,3	200
163,5	156
163,6	132
163,8	160
164,0	140
164,2	197
164,3	141
164,5	177
164,7	165
164,9	123
165,0	194
165,2	154
165,4	154
165,6	193
165,7	123
165,9	173
166,1	192
166,3	143
166,4	169
166,6	141
166,8	182
166,9	161
167,1	145
167,3	183
167,5	160
167,6	144
167,8	185
168,0	146
168,2	159
168,3	157
168,5	151
168,7	174
168,9	219
169,0	91
169,2	151
169,4	181
169,6	160
169,7	209
169,9	145
170,1	170
170,3	146
170,4	169
170,6	180
170,8	162
170,9	154
171,1	179
171,3	141
171,5	161
171,6	156
171,8	134
172,0	135
172,2	156
172,3	186
172,5	167
172,7	140
172,9	211
173,0	143
173,2	168
173,4	190
173,6	154
173,7	186
173,9	136
174,1	136
174,2	174
174,4	202
174,6	164
174,8	153
174,9	192
175,1	148
175,3	210
175,5	142
175,6	169
175,8	131
176,0	148
176,2	189
176,3	161
176,5	152
176,7	212
176,9	167
177,0	171
177,2	136
177,4	170
177,6	170
177,7	146
177,9	190
178,1	167
178,2	142
178,4	199
178,6	157
178,8	149
178,9	179
179,1	159
179,3	189
179,5	176
179,6	146
179,8	156
180,0	196
180,2	97
180,3	181
180,5	185
180,7	183
180,9	175
181,0	149
181,2	194
181,4	136
181,6	166
181,7	178
181,9	157
182,1	163
182,2	194
182,4	182
182,6	180
182,8	184
182,9	154
183,1	160
183,3	171
183,5	182
183,6	191
183,8	128
184,0	197
184,2	141
184,3	166
184,5	224
184,7	155
184,9	200
185,0	184
185,2	178
185,4	191
185,6	187
185,7	167
185,9	149
186,1	172
186,2	167
186,4	218
186,6	161
186,8	243
186,9	165
187,1	167
187,3	200
187,5	159
187,6	175
187,8	241
188,0	179
188,2	181
188,3	170
188,5	144
188,7	148
188,9	198
189,0	193
189,2	205
189,4	126
189,6	230
189,7	160
189,9	164
190,1	203
190,2	155
190,4	196
190,6	204
190,8	183
190,9	192
191,1	331
191,3	62
191,5	144
191,6	168
191,8	188
192,0	192
192,2	182
192,3	209
192,5	211
192,7	169
192,9	222
193,0	153
193,2	194
193,4	200
193,5	198
193,7	175
193,9	196
194,1	113
194,2	212
194,4	180
194,6	242
194,8	173
194,9	168
195,1	222
195,3	198
195,5	162
195,6	207
195,8	165
196,0	225
196,2	155
196,3	183
196,5	166
196,7	301
196,9	101
197,0	199
197,2	179
197,4	198
197,5	205
197,7	180
197,9	215
198,1	205
198,2	141
198,4	222
198,6	158
198,8	208
198,9	179
199,1	197
199,3	191
199,5	199
199,6	148
199,8	177
200,0	174
200,2	190
200,3	148
200,5	168
200,7	207
200,9	189
201,0	129
201,2	203
201,4	176
201,5	218
201,7	185
201,9	208
202,1	188
202,2	269
202,4	83
202,6	181
202,8	168
202,9	190
203,1	210
203,3	162
203,5	215
203,6	179
203,8	165
204,0	211
204,2	165
204,3	191
204,5	186
204,7	199
204,9	189
205,0	235
205,2	128
205,4	179
205,5	189
205,7	204
205,9	189
206,1	148
206,2	210
206,4	189
206,6	157
206,8	222
206,9	152
207,1	218
207,3	172
207,5	170
207,6	183
207,8	235
208,0	110
208,2	183
208,3	176
208,5	167
208,7	190
208,8	161
209,0	227
209,2	197
209,4	139
209,5	225
209,7	159
209,9	194
210,1	165
210,2	147
210,4	191
210,6	193
210,8	124
210,9	176
211,1	150
211,3	199
211,5	183
211,6	157
211,8	220
212,0	158
212,2	144
212,3	209
212,5	157
212,7	179
212,8	168
213,0	194
213,2	175
213,4	268
213,5	76
213,7	160
213,9	163
214,1	162
214,2	189
214,4	151
214,6	201
214,8	148
214,9	140
215,1	193
215,3	171
215,5	178
215,6	172
215,8	166
216,0	180
216,2	171
216,3	115
216,5	178
216,7	183
216,8	198
217,0	185
217,2	156
217,4	192
217,5	154
217,7	162
217,9	191
218,1	165
218,2	200
218,4	181
218,6	190
218,8	177
218,9	244
219,1	108
219,3	136
219,5	172
219,6	161
219,8	187
220,0	132
220,2	200
220,3	194
220,5	143
220,7	167
220,8	163
221,0	159
221,2	208
221,4	166
221,5	162
221,7	162
221,9	137
222,1	161
222,2	171
222,4	178
222,6	153
222,8	136
222,9	177
223,1	166
223,3	115
223,5	179
223,6	139
223,8	176
224,0	150
224,1	169
224,3	144
224,5	207
224,7	111
224,8	152
225,0	161
225,2	151
225,4	175
225,5	143
225,7	189
225,9	141
226,1	154
226,2	186
226,4	129
226,6	150
226,8	183
226,9	187
227,1	190
227,3	171
227,5	128
227,6	156
227,8	142
228,0	164
228,1	151
228,3	151
228,5	192
228,7	113
228,8	142
229,0	173
229,2	138
229,4	174
229,5	160
229,7	161
229,9	172
230,1	204
230,2	101
230,4	160
230,6	181
230,8	154
230,9	164
231,1	148
231,3	196
231,5	149
231,6	125
231,8	178
232,0	129
232,1	147
232,3	191
232,5	142
232,7	154
232,8	155
233,0	113
233,2	137
233,4	188
233,5	171
233,7	154
233,9	113
234,1	195
234,2	152
234,4	134
234,6	166
234,8	148
234,9	162
235,1	157
235,3	144
235,5	147
235,6	237
235,8	51
236,0	128
236,1	150
236,3	154
236,5	161
236,7	142
236,8	171
237,0	145
237,2	139
237,4	173
237,5	124
237,7	153
237,9	176
238,1	156
238,2	155
238,4	145
238,6	125
238,8	175
238,9	164
239,1	189
239,3	128
239,4	133
239,6	171
239,8	160
240,0	136
240,1	167
240,3	121
240,5	168
240,7	137
240,8	141
241,0	143
241,2	164
241,4	108
241,5	157
241,7	166
241,9	147
242,1	165
242,2	142
242,4	159
242,6	182
242,8	106
242,9	172
243,1	125
243,3	164
243,4	164
243,6	147
243,8	137
244,0	129
244,1	137
244,3	145
244,5	150
244,7	187
244,8	155
245,0	146
245,2	174
245,4	155
245,5	129
245,7	173
245,9	142
246,1	152
246,2	139
246,4	150
246,6	153
246,8	222
246,9	76
247,1	118
247,3	137
247,4	153
247,6	149
247,8	133
248,0	162
248,1	137
248,3	127
248,5	166
248,7	141
248,8	137
249,0	191
249,2	145
249,4	157
249,5	170
249,7	111
249,9	141
250,1	147
250,2	151
250,4	158
250,6	123
250,8	176
250,9	116
251,1	136
251,3	188
251,4	118
251,6	171
251,8	124
252,0	130
252,1	147
252,3	176
252,5	111
252,7	127
252,8	146
253,0	146
253,2	168
253,4	156
253,5	157
253,7	143
253,9	118
254,1	173
254,2	113
254,4	151
254,6	171
254,8	128
254,9	158
255,1	135
255,3	94
255,4	125
255,6	124
255,8	164
256,0	140
256,1	105
256,3	166
256,5	147
256,7	96
256,8	171
257,0	123
257,2	151
257,4	160
257,5	117
257,7	130
257,9	160
258,1	97
258,2	134
258,4	124
258,6	119
258,7	167
258,9	105
259,1	170
259,3	135
259,4	124
259,6	160
259,8	107
260,0	156
260,1	168
260,3	140
260,5	140
260,7	105
260,8	122
261,0	137
261,2	160
261,4	142
261,5	137
261,7	118
261,9	151
262,1	108
262,2	113
262,4	141
262,6	123
262,7	141
262,9	134
263,1	171
263,3	139
263,4	176
263,6	94
263,8	107
264,0	133
264,1	137
264,3	148
264,5	127
264,7	156
264,8	147
265,0	86
265,2	146
265,4	104
265,5	97
265,7	168
265,9	131
266,1	133
266,2	117
266,4	121
266,6	109
266,7	138
266,9	146
267,1	113
267,3	110
267,4	144
267,6	131
267,8	99
268,0	138
268,1	122
268,3	144
268,5	116
268,7	126
268,8	137
269,0	183
269,2	94
269,4	127
269,5	118
269,7	115
269,9	153
270,1	120
270,2	146
270,4	100
270,6	127
270,7	157
270,9	100
271,1	111
271,3	140
271,4	139
271,6	115
271,8	114
272,0	121
272,1	107
272,3	126
272,5	125
272,7	120
272,8	96
273,0	162
273,2	90
273,4	125
273,5	131
273,7	97
273,9	153
274,0	118
274,2	120
274,4	114
274,6	125
274,7	91
274,9	114
275,1	143
275,3	112
275,4	158
275,6	99
275,8	163
276,0	122
276,1	96
276,3	128
276,5	115
276,7	94
276,8	134
277,0	124
277,2	131
277,4	98
277,5	114
277,7	96
277,9	115
278,0	153
278,2	126
278,4	97
278,6	141
278,7	119
278,9	129
279,1	136
279,3	105
279,4	142
279,6	125
279,8	110
280,0	101
280,1	171
280,3	69
280,5	126
280,7	156
280,8	119
281,0	143
281,2	99
281,4	130
281,5	105
281,7	102
281,9	132
282,0	101
282,2	146
282,4	140
282,6	123
282,7	118
282,9	109
283,1	92
283,3	112
283,4	113
283,6	161
283,8	126
284,0	102
284,1	142
284,3	106
284,5	119
284,7	118
284,8	88
285,0	133
285,2	103
285,4	116
285,5	122
285,7	162
285,9	83
286,0	127
286,2	128
286,4	109
286,6	138
286,7	89
286,9	153
287,1	110
287,3	75
287,4	131
287,6	128
287,8	114
288,0	150
288,1	106
288,3	114
288,5	107
288,7	124
288,8	109
289,0	126
289,2	148
289,3	123
289,5	109
289,7	139
289,9	97
290,0	104
290,2	135
290,4	111
290,6	134
290,7	118
290,9	134
291,1	118
291,3	140
291,4	89
291,6	112
291,8	126
292,0	134
292,1	156
292,3	94
292,5	142
292,7	94
292,8	114
293,0	140
293,2	93
293,3	107
293,5	135
293,7	127
293,9	122
294,0	137
294,2	86
294,4	140
294,6	125
294,7	146
294,9	133
295,1	99
295,3	142
295,4	90
295,6	122
295,8	128
296,0	114
296,1	133
296,3	121
296,5	111
296,7	133
296,8	158
297,0	96
297,2	128
297,3	112
297,5	112
297,7	131
297,9	99
298,0	128
298,2	103
298,4	102
298,6	127
298,7	105
298,9	114
299,1	131
299,3	125
299,4	126
299,6	111
299,8	83
300,0	107
300,1	132
300,3	141
300,5	133
300,7	106
300,8	131
301,0	102
301,2	101
301,3	128
301,5	105
301,7	124
301,9	123
302,0	135
302,2	132
302,4	154
302,6	63
302,7	102
302,9	124
303,1	131
303,3	146
303,4	100
303,6	133
303,8	97
304,0	107
304,1	124
304,3	94
304,5	114
304,7	136
304,8	111
305,0	100
305,2	106
305,3	113
305,5	108
305,7	119
305,9	134
306,0	118
306,2	98
306,4	125
306,6	76
306,7	104
306,9	128
307,1	102
307,3	135
307,4	123
307,6	100
307,8	126
308,0	152
308,1	99
308,3	94
308,5	120
308,6	99
308,8	117
309,0	78
309,2	144
309,3	112
309,5	90
309,7	129
309,9	83
310,0	105
310,2	115
310,4	112
310,6	123
310,7	115
310,9	116
311,1	108
311,3	118
311,4	146
311,6	119
311,8	78
312,0	134
312,1	114
312,3	99
312,5	122
312,6	92
312,8	119
313,0	113
313,2	105
313,3	105
313,5	116
313,7	102
313,9	109
314,0	118
314,2	96
314,4	148
314,6	103
314,7	150
314,9	96
315,1	124
315,3	116
315,4	109
315,6	97
315,8	133
316,0	95
316,1	129
316,3	107
316,5	101
316,6	111
316,8	115
317,0	121
317,2	123
317,3	73
317,5	127
317,7	99
317,9	110
318,0	102
318,2	97
318,4	116
318,6	129
318,7	109
318,9	107
319,1	139
319,3	79
319,4	96
319,6	119
319,8	98
320,0	135
320,1	90
320,3	130
320,5	86
320,6	105
320,8	124
321,0	84
321,2	112
321,3	135
321,5	102
321,7	121
321,9	106
322,0	98
322,2	93
322,4	120
322,6	115
322,7	124
322,9	109
323,1	126
323,3	100
323,4	110
323,6	130
323,8	101
323,9	96
324,1	122
324,3	114
324,5	107
324,6	117
324,8	84
325,0	109
325,2	120
325,3	126
325,5	123
325,7	86
325,9	136
326,0	90
326,2	93
326,4	148
326,6	101
326,7	109
326,9	124
327,1	105
327,3	94
327,4	106
327,6	104
327,8	101
327,9	108
328,1	152
328,3	100
328,5	94
328,6	118
328,8	96
329,0	125
329,2	124
329,3	90
329,5	126
329,7	121
329,9	108
330,0	114
330,2	123
330,4	95
330,6	125
330,7	104
330,9	107
331,1	153
331,3	96
331,4	137
331,6	96
331,8	85
331,9	129
332,1	111
332,3	80
332,5	132
332,6	100
332,8	96
333,0	79
333,2	117
333,3	105
333,5	129
333,7	99
333,9	113
334,0	88
334,2	155
334,4	98
334,6	91
334,7	152
334,9	109
335,1	108
335,3	115
335,4	99
335,6	119
335,8	138
335,9	84
336,1	110
336,3	106
336,5	89
336,6	150
336,8	102
337,0	136
337,2	68
337,3	119
337,5	134
337,7	92
337,9	105
338,0	138
338,2	97
338,4	115
338,6	135
338,7	91
338,9	106
339,1	121
339,2	123
339,4	130
339,6	90
339,8	149
339,9	76
340,1	119
340,3	131
340,5	95
340,6	119
340,8	113
341,0	107
341,2	130
341,3	113
341,5	120
341,7	128
341,9	101
342,0	109
342,2	148
342,4	92
342,6	117
342,7	108
342,9	100
343,1	127
343,2	94
343,4	87
343,6	128
343,8	114
343,9	109
344,1	105
344,3	86
344,5	90
344,6	108
344,8	139
345,0	103
345,2	94
345,3	137
345,5	94
345,7	97
345,9	116
346,0	121
346,2	130
346,4	126
346,6	106
346,7	105
346,9	134
347,1	104
347,2	107
347,4	126
347,6	125
347,8	143
347,9	85
348,1	135
348,3	99
348,5	125
348,6	130
348,8	101
349,0	111
349,2	126
349,3	107
349,5	103
349,7	77
349,9	140
350,0	91
350,2	111
350,4	108
350,6	123
350,7	90
350,9	126
351,1	92
351,2	116
351,4	94
351,6	99
351,8	133
351,9	111
352,1	110
352,3	111
352,5	123
352,6	113
352,8	94
353,0	128
353,2	107
353,3	124
353,5	103
353,7	141
353,9	124
354,0	119
354,2	147
354,4	108
354,6	99
354,7	137
354,9	97
355,1	141
355,2	69
355,4	107
355,6	97
355,8	136
355,9	122
356,1	121
356,3	103
356,5	142
356,6	101
356,8	102
357,0	158
357,2	105
357,3	112
357,5	112
357,7	95
357,9	131
358,0	116
358,2	103
358,4	102
358,5	122
358,7	113
358,9	104
359,1	76
359,2	137
359,4	86
359,6	111
359,8	126
359,9	94
360,1	107
360,3	121
360,5	108
360,6	102
360,8	82
361,0	97
361,2	107
361,3	94
361,5	140
361,7	115
361,9	81
362,0	110
362,2	91
362,4	132
362,5	118
362,7	96
362,9	126
363,1	130
363,2	91
363,4	115
363,6	101
363,8	118
363,9	94
364,1	116
364,3	86
364,5	148
364,6	94
364,8	134
365,0	96
365,2	85
365,3	123
365,5	101
365,7	104
365,9	120
366,0	124
366,2	105
366,4	101
366,5	121
366,7	108
366,9	136
367,1	115
367,2	127
367,4	84
367,6	134
367,8	88
367,9	115
368,1	129
368,3	76
368,5	118
368,6	120
368,8	92
369,0	115
369,2	113
369,3	68
369,5	102
369,7	103
369,9	108
370,0	118
370,2	85
370,4	126
370,5	109
370,7	102
370,9	124
371,1	91
371,2	122
371,4	105
371,6	112
371,8	109
371,9	107
372,1	91
372,3	105
372,5	109
372,6	121
372,8	93
373,0	109
373,2	119
373,3	88
373,5	102
373,7	136
373,8	103
374,0	125
374,2	106
374,4	88
374,5	94
374,7	138
374,9	83
375,1	103
375,2	111
375,4	143
375,6	128
375,8	85
375,9	131
376,1	122
376,3	65
376,5	123
376,6	70
376,8	124
377,0	130
377,2	119
377,3	101
377,5	95
377,7	87
377,8	110
378,0	115
378,2	138
378,4	113
378,5	103
378,7	133
378,9	104
379,1	71
379,2	135
379,4	92
379,6	145
379,8	103
379,9	111
380,1	90
380,3	119
380,5	95
380,6	101
380,8	99
381,0	126
381,2	117
381,3	82
381,5	117
381,7	110
381,8	86
382,0	132
382,2	69
382,4	104
382,5	141
382,7	110
382,9	102
383,1	101
383,2	72
383,4	110
383,6	109
383,8	155
383,9	107
384,1	81
384,3	125
384,5	90
384,6	114
384,8	125
385,0	96
385,2	137
385,3	95
385,5	110
385,7	103
385,8	122
386,0	109
386,2	93
386,4	122
386,5	119
386,7	95
386,9	94
387,1	128
387,2	118
387,4	92
387,6	135
387,8	84
387,9	100
388,1	133
388,3	135
388,5	104
388,6	121
388,8	71
389,0	95
389,1	113
389,3	109
389,5	102
389,7	91
389,8	114
390,0	127
390,2	91
390,4	132
390,5	95
390,7	127
390,9	110
391,1	104
391,2	97
391,4	116
391,6	102
391,8	108
391,9	99
392,1	103
392,3	117
392,5	75
392,6	119
392,8	101
393,0	102
393,1	113
393,3	88
393,5	103
393,7	116
393,8	95
394,0	102
394,2	100
394,4	96
394,5	121
394,7	109
394,9	121
395,1	105
395,2	93
395,4	132
395,6	90
395,8	89
395,9	149
396,1	91
396,3	128
396,5	105
396,6	93
396,8	111
397,0	119
397,1	87
397,3	106
397,5	109
397,7	123
397,8	113
398,0	82
398,2	127
398,4	123
398,5	89
398,7	133
398,9	92
399,1	96
399,2	119
399,4	104
399,6	95
399,8	84
399,9	86
400,1	110
400,3	110
400,5	131
400,6	129
400,8	87
401,0	108
401,1	93
401,3	96
401,5	126
401,7	76
401,8	155
402,0	99
402,2	128
402,4	106
402,5	98
402,7	115
402,9	108
403,1	117
403,2	110
403,4	115
403,6	110
403,8	113
403,9	87
404,1	97
404,3	118
404,5	96
404,6	110
404,8	111
405,0	123
405,1	108
405,3	114
405,5	73
405,7	99
405,8	101
406,0	115
406,2	99
406,4	95
406,5	127
406,7	101
406,9	86
407,1	128
407,2	90
407,4	122
407,6	102
407,8	101
407,9	111
408,1	123
408,3	95
408,4	105
408,6	99
408,8	125
409,0	112
409,1	79
409,3	117
409,5	97
409,7	91
409,8	129
410,0	85
410,2	108
410,4	118
410,5	110
410,7	106
410,9	112
411,1	93
411,2	94
411,4	106
411,6	103
411,8	91
411,9	81
412,1	125
412,3	87
412,4	96
412,6	135
412,8	103
413,0	115
413,1	96
413,3	99
413,5	118
413,7	87
413,8	101
414,0	101
414,2	89
414,4	139
414,5	120
414,7	96
414,9	141
415,1	97
415,2	113
415,4	112
415,6	97
415,8	99
415,9	136
416,1	125
416,3	93
416,4	90
416,6	113
416,8	114
417,0	126
417,1	152
417,3	106
417,5	105
417,7	135
417,8	85
418,0	109
418,2	125
418,4	75
418,5	100
418,7	133
418,9	105
419,1	102
419,2	115
419,4	85
419,6	122
419,8	104
419,9	102
420,1	129
420,3	95
420,4	119
420,6	103
420,8	71
421,0	116
421,1	86
421,3	116
421,5	143
421,7	109
421,8	118
422,0	89
422,2	100
422,4	102
422,5	98
422,7	152
422,9	108
423,1	99
423,2	129
423,4	118
423,6	73
423,7	135
423,9	103
424,1	125
424,3	103
424,4	103
424,6	110
424,8	117
425,0	88
425,1	88
425,3	108
425,5	106
425,7	141
425,8	83
426,0	128
426,2	94
426,4	102
426,5	127
426,7	80
426,9	111
427,1	136
427,2	112
427,4	103
427,6	101
427,7	82
427,9	116
428,1	118
428,3	131
428,4	120
428,6	80
428,8	121
429,0	107
429,1	111
429,3	115
429,5	88
429,7	143
429,8	115
430,0	117
430,2	110
430,4	108
430,5	127
430,7	100
430,9	95
431,1	103
431,2	125
431,4	78
431,6	129
431,7	102
431,9	91
432,1	120
432,3	101
432,4	101
432,6	150
432,8	105
433,0	103
433,1	102
433,3	94
433,5	109
433,7	110
433,8	114
434,0	111
434,2	93
434,4	115
434,5	80
434,7	88
434,9	116
435,1	104
435,2	150
435,4	104
435,6	107
435,7	110
435,9	85
436,1	117
436,3	97
436,4	106
436,6	105
436,8	122
437,0	97
437,1	148
437,3	78
437,5	112
437,7	126
437,8	80
438,0	116
438,2	121
438,4	125
438,5	110
438,7	83
438,9	107
439,0	121
439,2	114
439,4	138
439,6	101
439,7	85
439,9	126
440,1	75
440,3	107
440,4	130
440,6	88
440,8	114
441,0	113
441,1	103
441,3	88
441,5	113
441,7	110
441,8	112
442,0	117
442,2	114
442,4	115
442,5	88
442,7	134
442,9	109
443,0	88
443,2	131
443,4	80
443,6	111
443,7	129
443,9	100
444,1	118
444,3	85
444,4	128
444,6	101
444,8	98
445,0	124
445,1	108
445,3	93
445,5	141
445,7	107
445,8	91
446,0	124
446,2	87
446,4	103
446,5	95
446,7	97
446,9	87
447,0	105
447,2	97
447,4	88
447,6	102
447,7	81
447,9	118
448,1	112
448,3	122
448,4	70
448,6	107
448,8	128
449,0	81
449,1	89
449,3	122
449,5	87
449,7	106
449,8	86
450,0	80
450,2	85
450,4	100
450,5	98
450,7	103
450,9	82
451,0	114
451,2	76
451,4	99
451,6	113
451,7	99
451,9	120
452,1	97
452,3	94
452,4	103
452,6	101
452,8	98
453,0	75
453,1	107
453,3	86
453,5	122
453,7	70
453,8	93
454,0	85
454,2	82
454,4	89
454,5	65
454,7	87
454,9	95
455,0	98
455,2	95
455,4	78
455,6	84
455,7	91
455,9	92
456,1	100
456,3	94
456,4	63
456,6	101
456,8	84
457,0	84
457,1	106
457,3	67
457,5	100
457,7	104
457,8	80
458,0	70
458,2	78
458,3	94
458,5	81
458,7	68
458,9	86
459,0	97
459,2	69
459,4	117
459,6	73
459,7	84
459,9	85
460,1	62
460,3	85
460,4	101
460,6	80
460,8	101
461,0	64
461,1	85
461,3	76
461,5	93
461,7	85
461,8	83
462,0	64
462,2	93
462,3	62
462,5	66
462,7	96
462,9	61
463,0	91
463,2	69
463,4	64
463,6	61
463,7	83
463,9	88
464,1	63
464,3	69
464,4	79
464,6	100
464,8	58
465,0	106
465,1	62
465,3	60
465,5	90
465,7	76
465,8	67
466,0	89
466,2	76
466,3	67
466,5	64
466,7	82
466,9	79
467,0	60
467,2	71
467,4	66
467,6	50
467,7	90
467,9	69
468,1	45
468,3	73
468,4	44
468,6	72
468,8	64
469,0	52
469,1	56
469,3	63
469,5	64
469,7	87
469,8	67
470,0	63
470,2	60
470,3	48
470,5	81
470,7	48
470,9	62
471,0	72
471,2	51
471,4	65
471,6	77
471,7	67
471,9	48
472,1	66
472,3	55
472,4	54
472,6	52
472,8	61
473,0	64
473,1	47
473,3	75
473,5	52
473,6	49
473,8	58
474,0	53
474,2	62
474,3	31
474,5	52
474,7	48
474,9	50
475,0	56
475,2	67
475,4	50
475,6	61
475,7	53
475,9	46
476,1	61
476,3	49
476,4	43
476,6	68
476,8	45
477,0	51
477,1	53
477,3	59
477,5	69
477,6	45
477,8	40
478,0	53
478,2	46
478,3	64
478,5	64
478,7	39
478,9	69
479,0	48
479,2	45
479,4	65
479,6	37
479,7	59
479,9	55
480,1	52
480,3	44
480,4	50
480,6	46
480,8	52
481,0	45
481,1	49
481,3	53
481,5	30
481,6	57
481,8	39
482,0	47
482,2	52
482,3	47
482,5	50
482,7	47
482,9	53
483,0	49
483,2	27
483,4	47
483,6	45
483,7	53
483,9	57
484,1	38
484,3	32
484,4	49
484,6	38
484,8	52
485,0	48
485,1	35
485,3	57
485,5	39
485,6	57
485,8	47
486,0	63
486,2	43
486,3	48
486,5	42
486,7	42
486,9	63
487,0	23
487,2	55
487,4	37
487,6	38
487,7	57
487,9	38
488,1	34
488,3	47
488,4	46
488,6	43
488,8	21
488,9	54
489,1	37
489,3	48
489,5	60
489,6	45
489,8	29
490,0	41
490,2	41
490,3	33
490,5	45
490,7	36
490,9	39
491,0	41
491,2	34
491,4	41
491,6	28
491,7	56
491,9	39
492,1	40
492,3	35
492,4	61
492,6	21
492,8	39
492,9	24
493,1	46
493,3	42
493,5	31
493,6	31
493,8	35
494,0	46
494,2	39
494,3	29
494,5	33
494,7	27
494,9	33
495,0	50
495,2	34
495,4	33
495,6	35
495,7	34
495,9	30
496,1	39
496,3	27
496,4	48
496,6	28
496,8	37
496,9	30
497,1	42
497,3	44
497,5	40
497,6	43
497,8	45
498,0	52
498,2	30
498,3	37
498,5	20
498,7	41
498,9	41
499,0	31
499,2	52
499,4	36
499,6	35
499,7	39
499,9	31
500,1	24
500,3	38
500,4	37
500,6	31
500,8	35
500,9	31
501,1	47
501,3	24
501,5	24
501,6	41
501,8	27
502,0	31
502,2	41
502,3	35
502,5	36
502,7	27
502,9	46
503,0	42
503,2	29
503,4	30
503,6	48
503,7	20
503,9	36
504,1	27
504,3	23
504,4	59
504,6	24
504,8	40
504,9	43
505,1	32
505,3	39
505,5	24
505,6	40
505,8	33
506,0	24
506,2	36
506,3	31
506,5	26
506,7	34
506,9	33
507,0	24
507,2	34
507,4	28
507,6	42
507,7	35
507,9	28
508,1	30
508,2	39
508,4	34
508,6	30
508,8	34
508,9	34
509,1	37
509,3	28
509,5	46
509,6	28
509,8	33
510,0	44
510,2	29
510,3	23
510,5	52
510,7	37
510,9	41
511,0	17
511,2	34
511,4	31
511,6	26
511,7	31
511,9	30
512,1	19
512,2	43
512,4	29
512,6	37
512,8	40
512,9	32
513,1	37
513,3	28
513,5	29
513,6	40
513,8	31
514,0	31
514,2	29
514,3	34
514,5	24
514,7	36
514,9	28
515,0	39
515,2	24
515,4	31
515,6	36
515,7	23
515,9	37
516,1	40
516,2	30
516,4	25
516,6	26
516,8	19
516,9	32
517,1	22
517,3	21
517,5	30
517,6	26
517,8	33
518,0	13
518,2	31
518,3	30
518,5	13
518,7	29
518,9	27
519,0	19
519,2	16
519,4	13
519,6	22
519,7	29
519,9	29
520,1	19
520,2	30
520,4	25
520,6	32
520,8	20
520,9	22
521,1	21
521,3	27
521,5	16
521,6	45
521,8	19
522,0	32
522,2	24
522,3	40
522,5	29
522,7	32
522,9	31
523,0	31
523,2	13
523,4	40
523,5	21
523,7	18
523,9	31
524,1	24
524,2	32
524,4	27
524,6	21
524,8	35
524,9	21
525,1	23
525,3	27
525,5	25
525,6	27
525,8	34
526,0	16
526,2	40
526,3	22
526,5	23
526,7	30
526,9	16
527,0	25
527,2	34
527,4	36
527,5	30
527,7	17
527,9	32
528,1	25
528,2	22
528,4	25
528,6	24
528,8	16
528,9	33
529,1	27
529,3	20
529,5	25
529,6	19
529,8	37
530,0	24
530,2	10
530,3	23
530,5	28
530,7	23
530,9	28
531,0	18
531,2	17
531,4	38
531,5	19
531,7	26
531,9	25
532,1	20
532,2	33
532,4	10
532,6	22
532,8	31
532,9	24
533,1	29
533,3	19
533,5	31
533,6	28
533,8	20
534,0	34
534,2	26
534,3	16
534,5	35
534,7	20
534,9	16
535,0	21
535,2	15
535,4	21
535,5	21
535,7	24
535,9	21
536,1	24
536,2	20
536,4	25
536,6	21
536,8	25
536,9	34
537,1	15
537,3	31
537,5	16
537,6	23
537,8	25
538,0	19
538,2	21
538,3	24
538,5	21
538,7	20
538,8	23
539,0	24
539,2	26
539,4	17
539,5	30
539,7	25
539,9	15
540,1	25
540,2	17
540,4	23
540,6	20
540,8	22
540,9	22
541,1	25
541,3	20
541,5	20
541,6	22
541,8	20
542,0	24
542,2	19
542,3	18
542,5	27
542,7	9
542,8	26
543,0	23
543,2	17
543,4	30
543,5	14
543,7	13
543,9	36
544,1	29
544,2	24
544,4	18
544,6	21
544,8	19
544,9	23
545,1	20
545,3	20
545,5	13
545,6	25
545,8	20
546,0	28
546,2	25
546,3	18
546,5	26
546,7	30
546,8	27
547,0	26
547,2	9
547,4	29
547,5	18
547,7	20
547,9	32
548,1	28
548,2	18
548,4	26
548,6	18
548,8	22
548,9	20
549,1	26
549,3	12
549,5	25
549,6	21
549,8	17
550,0	23
550,2	17
550,3	16
550,5	18
550,7	20
550,8	19
551,0	16
551,2	24
551,4	16
551,5	24
551,7	27
551,9	9
552,1	21
552,2	21
552,4	16
552,6	22
552,8	15
552,9	17
553,1	12
553,3	16
553,5	17
553,6	11
553,8	19
554,0	27
554,1	23
554,3	19
554,5	23
554,7	6
554,8	15
555,0	26
555,2	22
555,4	23
555,5	12
555,7	17
555,9	14
556,1	21
556,2	25
556,4	29
556,6	32
556,8	26
556,9	15
557,1	17
557,3	20
557,5	17
557,6	25
557,8	11
558,0	34
558,1	10
558,3	13
558,5	18
558,7	19
558,8	21
559,0	18
559,2	29
559,4	17
559,5	14
559,7	10
559,9	12
560,1	36
560,2	19
560,4	11
560,6	22
560,8	18
560,9	14
561,1	29
561,3	15
561,5	28
561,6	14
561,8	16
562,0	17
562,1	12
562,3	16
562,5	10
562,7	12
562,8	27
563,0	19
563,2	19
563,4	19
563,5	19
563,7	21
563,9	17
564,1	20
564,2	24
564,4	19
564,6	15
564,8	22
564,9	15
565,1	20
565,3	22
565,5	13
565,6	31
565,8	14
566,0	22
566,1	24
566,3	19
566,5	24
566,7	18
566,8	21
567,0	15
567,2	17
567,4	26
567,5	9
567,7	18
567,9	22
568,1	17
568,2	14
568,4	18
568,6	16
568,8	25
568,9	18
569,1	17
569,3	19
569,5	15
569,6	15
569,8	22
570,0	17
570,1	11
570,3	33
570,5	14
570,7	26
570,8	14
571,0	17
571,2	21
571,4	19
571,5	17
571,7	20
571,9	14
572,1	14
572,2	15
572,4	19
572,6	18
572,8	16
572,9	24
573,1	11
573,3	16
573,4	14
573,6	17
573,8	17
574,0	20
574,1	14
574,3	22
574,5	17
574,7	20
574,8	15
575,0	13
575,2	14
575,4	13
575,5	13
575,7	6
575,9	26
576,1	20
576,2	22
576,4	16
576,6	20
576,8	22
576,9	7
577,1	17
577,3	13
577,4	12
577,6	16
577,8	12
578,0	15
578,1	18
578,3	14
578,5	22
578,7	16
578,8	21
579,0	18
579,2	13
579,4	18
579,5	14
579,7	25
579,9	18
580,1	21
580,2	20
580,4	24
580,6	22
580,8	20
580,9	21
581,1	9
581,3	19
581,4	18
581,6	13
581,8	25
582,0	17
582,1	20
582,3	28
582,5	15
582,7	13
582,8	21
583,0	20
583,2	14
583,4	17
583,5	14
583,7	23
583,9	17
584,1	24
584,2	16
584,4	13
584,6	19
584,8	17
584,9	11
585,1	13
585,3	11
585,4	15
585,6	17
585,8	16
586,0	16
586,1	24
586,3	17
586,5	22
586,7	17
586,8	18
587,0	16
587,2	14
587,4	28
587,5	17
587,7	18
587,9	15
588,1	17
588,2	10
588,4	20
588,6	8
588,7	22
588,9	16
589,1	16
589,3	21
589,4	14
589,6	10
589,8	28
590,0	15
590,1	19
590,3	19
590,5	10
590,7	27
590,8	16
591,0	18
591,2	8
591,4	32
591,5	15
591,7	12
591,9	14
592,1	21
592,2	12
592,4	23
592,6	26
592,7	12
592,9	36
593,1	19
593,3	21
593,4	27
593,6	11
593,8	19
594,0	9
594,1	18
594,3	15
594,5	16
594,7	14
594,8	23
595,0	23
595,2	29
595,4	13
595,5	18
595,7	24
595,9	20
596,1	16
596,2	24
596,4	14
596,6	23
596,7	15
596,9	17
597,1	27
597,3	20
597,4	20
597,6	21
597,8	18
598,0	21
598,1	13
598,3	16
598,5	30
598,7	22
598,8	19
599,0	22
599,2	11
599,4	21
599,5	25
599,7	16
599,9	12
600,1	8
600,2	19
600,4	20
600,6	15
600,7	20
600,9	26
601,1	19
601,3	26
601,4	11
601,6	17
601,8	23
602,0	17
602,1	26
602,3	26
602,5	28
602,7	16
602,8	21
603,0	17
603,2	19
603,4	25
603,5	21
603,7	21
603,9	28
604,0	26
604,2	17
604,4	20
604,6	26
604,7	19
604,9	21
605,1	28
605,3	24
605,4	25
605,6	20
605,8	11
606,0	33
606,1	24
606,3	27
606,5	30
606,7	28
606,8	29
607,0	22
607,2	16
607,4	33
607,5	23
607,7	33
607,9	25
608,0	25
608,2	30
608,4	32
608,6	30
608,7	28
608,9	26
609,1	28
609,3	41
609,4	22
609,6	30
609,8	22
610,0	26
610,1	34
610,3	22
610,5	35
610,7	28
610,8	32
611,0	36
611,2	33
611,4	26
611,5	32
611,7	33
611,9	24
612,0	33
612,2	25
612,4	41
612,6	34
612,7	28
612,9	46
613,1	20
613,3	41
613,4	38
613,6	41
613,8	43
614,0	24
614,1	42
614,3	38
614,5	41
614,7	47
614,8	63
615,0	24
615,2	52
615,4	31
615,5	50
615,7	45
615,9	35
616,0	35
616,2	55
616,4	56
616,6	41
616,7	48
616,9	55
617,1	54
617,3	44
617,4	62
617,6	57
617,8	37
618,0	56
618,1	30
618,3	61
618,5	76
618,7	53
618,8	74
619,0	71
619,2	45
619,4	60
619,5	71
619,7	53
619,9	51
620,0	72
620,2	58
620,4	80
620,6	57
620,7	93
620,9	71
621,1	57
621,3	83
621,4	55
621,6	59
621,8	104
622,0	76
622,1	75
622,3	52
622,5	103
622,7	76
622,8	82
623,0	101
623,2	103
623,3	56
623,5	114
623,7	87
623,9	82
624,0	134
624,2	72
624,4	101
624,6	112
624,7	98
624,9	101
625,1	108
625,3	92
625,4	91
625,6	100
625,8	90
626,0	138
626,1	109
626,3	138
626,5	64
626,7	136
626,8	142
627,0	109
627,2	129
627,3	151
627,5	121
627,7	123
627,9	89
628,0	109
628,2	130
628,4	134
628,6	171
628,7	136
628,9	103
629,1	185
629,3	104
629,4	183
629,6	192
629,8	126
630,0	207
630,1	159
630,3	162
630,5	152
630,7	171
630,8	170
631,0	174
631,2	173
631,3	144
631,5	208
631,7	135
631,9	225
632,0	167
632,2	192
632,4	202
632,6	146
632,7	168
632,9	260
633,1	205
633,3	212
633,4	172
633,6	181
633,8	197
634,0	226
634,1	244
634,3	247
634,5	142
634,7	281
634,8	198
635,0	219
635,2	285
635,3	199
635,5	223
635,7	273
635,9	235
636,0	213
636,2	224
636,4	226
636,6	207
636,7	239
636,9	254
637,1	315
637,3	216
637,4	308
637,6	207
637,8	250
638,0	360
638,1	211
638,3	287
638,5	335
638,6	302
638,8	257
639,0	216
639,2	253
639,3	260
639,5	305
639,7	392
639,9	281
640,0	267
640,2	397
640,4	232
640,6	301
640,7	392
640,9	255
641,1	379
641,3	300
641,4	325
641,6	309
641,8	286
642,0	340
642,1	297
642,3	353
642,5	331
642,6	409
642,8	273
643,0	431
643,2	352
643,3	294
643,5	448
643,7	273
643,9	331
644,0	502
644,2	377
644,4	378
644,6	270
644,7	353
644,9	386
645,1	374
645,3	459
645,4	415
645,6	320
645,8	498
646,0	372
646,1	326
646,3	490
646,5	329
646,6	494
646,8	390
647,0	437
647,2	374
647,3	373
647,5	464
647,7	423
647,9	455
648,0	444
648,2	578
648,4	320
648,6	514
648,7	344
648,9	418
649,1	550
649,3	310
649,4	473
649,6	545
649,8	426
650,0	469
650,1	452
650,3	360
650,5	460
650,6	497
650,8	552
651,0	451
651,2	357
651,3	600
651,5	352
651,7	498
651,9	540
652,0	380
652,2	565
652,4	520
652,6	496
652,7	527
652,9	415
653,1	486
653,3	459
653,4	509
653,6	470
653,8	630
653,9	375
654,1	659
654,3	456
654,5	396
654,6	608
654,8	353
655,0	447
655,2	615
655,3	489
655,5	490
655,7	495
655,9	425
656,0	465
656,2	523
656,4	634
656,6	502
656,7	363
656,9	669
657,1	471
657,3	397
657,4	614
657,6	384
657,8	590
657,9	525
658,1	477
658,3	503
658,5	464
658,6	466
658,8	469
659,0	492
659,2	553
659,3	659
659,5	401
659,7	641
659,9	353
660,0	568
660,2	658
660,4	409
660,6	436
660,7	632
660,9	482
661,1	473
661,3	354
661,4	497
661,6	472
661,8	516
661,9	566
662,1	490
662,3	353
662,5	579
662,6	343
662,8	502
663,0	596
663,2	392
663,3	547
663,5	449
663,7	517
663,9	436
664,0	522
664,2	378
664,4	447
664,6	487
664,7	475
664,9	568
665,1	343
665,3	603
665,4	459
665,6	385
665,8	530
665,9	403
666,1	458
666,3	549
666,5	430
666,6	440
666,8	294
667,0	471
667,2	433
667,3	434
667,5	530
667,7	459
667,9	333
668,0	560
668,2	404
668,4	361
668,6	487
668,7	357
668,9	486
669,1	478
669,3	420
669,4	406
669,6	248
669,8	484
669,9	362
670,1	420
670,3	362
670,5	499
670,6	310
670,8	485
671,0	249
671,2	455
671,3	479
671,5	313
671,7	334
671,9	500
672,0	382
672,2	364
672,4	309
672,6	316
672,7	346
672,9	350
673,1	407
673,2	353
673,4	247
673,6	424
673,8	233
673,9	364
674,1	446
674,3	296
674,5	425
674,6	316
674,8	334
675,0	338
675,2	335
675,3	287
675,5	305
675,7	326
675,9	255
676,0	401
676,2	223
676,4	376
676,6	230
676,7	251
676,9	332
677,1	195
677,2	243
677,4	327
677,6	252
677,8	265
677,9	229
678,1	217
678,3	262
678,5	246
678,6	286
678,8	275
679,0	194
679,2	336
679,3	208
679,5	214
679,7	305
679,9	201
680,0	290
680,2	267
680,4	243
680,6	222
680,7	204
680,9	226
681,1	199
681,2	228
681,4	213
681,6	278
681,8	155
681,9	269
682,1	140
682,3	217
682,5	240
682,6	153
682,8	178
683,0	262
683,2	180
683,3	192
683,5	126
683,7	200
683,9	184
684,0	190
684,2	230
684,4	166
684,6	123
684,7	220
684,9	113
685,1	159
685,2	186
685,4	130
685,6	175
685,8	165
685,9	162
686,1	138
686,3	131
686,5	133
686,6	136
686,8	129
687,0	141
687,2	201
687,3	80
687,5	171
687,7	119
687,9	109
688,0	139
688,2	99
688,4	88
688,5	147
688,7	103
688,9	113
689,1	84
689,2	139
689,4	104
689,6	125
689,8	123
689,9	100
690,1	81
690,3	139
690,5	86
690,6	76
690,8	117
691,0	82
691,2	131
691,3	96
691,5	108
691,7	82
691,9	81
692,0	81
692,2	91
692,4	74
692,5	60
692,7	83
692,9	66
693,1	98
693,2	52
693,4	100
693,6	75
693,8	58
693,9	76
694,1	96
694,3	70
694,5	62
694,6	60
694,8	56
695,0	62
695,2	57
695,3	72
695,5	55
695,7	43
695,9	69
696,0	35
696,2	61
696,4	81
696,5	38
696,7	57
696,9	41
697,1	45
697,2	56
697,4	33
697,6	68
697,8	38
697,9	56
698,1	39
698,3	61
698,5	28
698,6	54
698,8	38
699,0	28
699,2	60
699,3	26
699,5	32
699,7	36
699,9	34
700,0	40
700,2	32
700,4	37
700,5	29
700,7	38
700,9	36
701,1	28
701,2	24
701,4	41
701,6	24
701,8	18
701,9	34
702,1	18
702,3	28
702,5	21
702,6	16
702,8	16
703,0	24
703,2	27
703,3	21
703,5	21
703,7	21
703,8	30
704,0	19
704,2	26
704,4	11
704,5	26
704,7	25
704,9	12
705,1	24
705,2	20
705,4	14
705,6	21
705,8	15
705,9	17
706,1	10
706,3	21
706,5	11
706,6	13
706,8	9
707,0	23
707,2	13
707,3	13
707,5	27
707,7	12
707,8	26
708,0	11
708,2	12
708,4	17
708,5	14
708,7	13
