Energy	Fondo de radiaci¾n
E/keV	Impulses/#

13,2	0
13,4	0
13,6	0
13,8	0
13,9	0
14,1	0
14,3	0
14,5	0
14,6	0
14,8	0
15,0	0
15,2	0
15,3	0
15,5	0
15,7	0
15,9	0
16,0	0
16,2	0
16,4	0
16,6	0
16,7	0
16,9	0
17,1	0
17,2	0
17,4	0
17,6	0
17,8	0
17,9	0
18,1	0
18,3	0
18,5	0
18,6	0
18,8	0
19,0	0
19,2	0
19,3	0
19,5	0
19,7	0
19,9	0
20,0	0
20,2	0
20,4	0
20,6	0
20,7	0
20,9	0
21,1	0
21,2	0
21,4	0
21,6	0
21,8	0
21,9	0
22,1	0
22,3	0
22,5	3
22,6	3
22,8	5
23,0	0
23,2	1
23,3	1
23,5	1
23,7	5
23,9	4
24,0	2
24,2	5
24,4	8
24,5	17
24,7	17
24,9	24
25,1	30
25,2	25
25,4	30
25,6	28
25,8	19
25,9	32
26,1	38
26,3	27
26,5	31
26,6	28
26,8	26
27,0	33
27,2	17
27,3	35
27,5	42
27,7	37
27,9	27
28,0	38
28,2	35
28,4	30
28,5	32
28,7	46
28,9	26
29,1	38
29,2	39
29,4	47
29,6	45
29,8	64
29,9	25
30,1	45
30,3	39
30,5	37
30,6	48
30,8	33
31,0	37
31,2	51
31,3	29
31,5	44
31,7	35
31,9	47
32,0	43
32,2	46
32,4	44
32,5	42
32,7	29
32,9	44
33,1	42
33,2	36
33,4	26
33,6	32
33,8	27
33,9	30
34,1	23
34,3	29
34,5	29
34,6	31
34,8	26
35,0	32
35,2	33
35,3	52
35,5	8
35,7	29
35,9	40
36,0	26
36,2	43
36,4	36
36,5	29
36,7	33
36,9	20
37,1	30
37,2	29
37,4	33
37,6	29
37,8	31
37,9	31
38,1	40
38,3	28
38,5	24
38,6	35
38,8	43
39,0	32
39,2	27
39,3	38
39,5	28
39,7	24
39,9	54
40,0	34
40,2	33
40,4	44
40,5	29
40,7	32
40,9	55
41,1	15
41,2	26
41,4	29
41,6	42
41,8	37
41,9	29
42,1	40
42,3	48
42,5	35
42,6	42
42,8	42
43,0	30
43,2	38
43,3	47
43,5	50
43,7	47
43,8	33
44,0	37
44,2	25
44,4	34
44,5	35
44,7	38
44,9	40
45,1	54
45,2	40
45,4	48
45,6	43
45,8	34
45,9	36
46,1	45
46,3	48
46,5	62
46,6	23
46,8	37
47,0	42
47,2	39
47,3	42
47,5	32
47,7	47
47,8	52
48,0	42
48,2	38
48,4	40
48,5	31
48,7	44
48,9	34
49,1	44
49,2	42
49,4	34
49,6	45
49,8	42
49,9	45
50,1	46
50,3	52
50,5	48
50,6	46
50,8	42
51,0	55
51,2	54
51,3	53
51,5	39
51,7	51
51,8	43
52,0	76
52,2	30
52,4	47
52,5	50
52,7	42
52,9	40
53,1	37
53,2	52
53,4	92
53,6	50
53,8	45
53,9	38
54,1	50
54,3	59
54,5	59
54,6	53
54,8	68
55,0	35
55,2	57
55,3	63
55,5	50
55,7	53
55,8	57
56,0	75
56,2	58
56,4	49
56,5	66
56,7	66
56,9	62
57,1	64
57,2	52
57,4	63
57,6	86
57,8	18
57,9	43
58,1	64
58,3	79
58,5	63
58,6	53
58,8	76
59,0	65
59,1	45
59,3	72
59,5	63
59,7	65
59,8	62
60,0	84
60,2	61
60,4	80
60,5	59
60,7	73
60,9	56
61,1	79
61,2	60
61,4	79
61,6	69
61,8	81
61,9	81
62,1	81
62,3	60
62,5	80
62,6	66
62,8	85
63,0	72
63,1	105
63,3	48
63,5	75
63,7	87
63,8	89
64,0	84
64,2	77
64,4	102
64,5	97
64,7	53
64,9	99
65,1	75
65,2	76
65,4	81
65,6	110
65,8	93
65,9	93
66,1	65
66,3	68
66,5	79
66,6	103
66,8	87
67,0	80
67,1	105
67,3	92
67,5	77
67,7	102
67,8	88
68,0	89
68,2	89
68,4	91
68,5	79
68,7	145
68,9	49
69,1	88
69,2	82
69,4	79
69,6	87
69,8	92
69,9	109
70,1	99
70,3	75
70,5	115
70,6	85
70,8	95
71,0	111
71,1	116
71,3	79
71,5	130
71,7	60
71,8	96
72,0	110
72,2	106
72,4	88
72,5	105
72,7	102
72,9	94
73,1	79
73,2	113
73,4	84
73,6	115
73,8	95
73,9	109
74,1	100
74,3	134
74,4	67
74,6	113
74,8	127
75,0	99
75,1	133
75,3	82
75,5	98
75,7	136
75,8	80
76,0	113
76,2	104
76,4	114
76,5	132
76,7	127
76,9	115
77,1	131
77,2	80
77,4	120
77,6	146
77,8	135
77,9	130
78,1	130
78,3	152
78,4	118
78,6	121
78,8	128
79,0	109
79,1	126
79,3	118
79,5	126
79,7	127
79,8	181
80,0	53
80,2	128
80,4	107
80,5	148
80,7	140
80,9	114
81,1	143
81,2	120
81,4	127
81,6	125
81,8	106
81,9	98
82,1	147
82,3	141
82,4	131
82,6	150
82,8	120
83,0	115
83,1	124
83,3	149
83,5	126
83,7	106
83,8	139
84,0	125
84,2	111
84,4	120
84,5	125
84,7	140
84,9	140
85,1	113
85,2	135
85,4	170
85,6	77
85,8	115
85,9	122
86,1	125
86,3	129
86,4	127
86,6	130
86,8	132
87,0	91
87,1	139
87,3	122
87,5	100
87,7	165
87,8	106
88,0	109
88,2	117
88,4	85
88,5	124
88,7	119
88,9	132
89,1	127
89,2	104
89,4	136
89,6	105
89,8	99
89,9	126
90,1	108
90,3	147
90,4	121
90,6	114
90,8	144
91,0	177
91,1	64
91,3	110
91,5	124
91,7	121
91,8	127
92,0	106
92,2	132
92,4	104
92,5	103
92,7	117
92,9	117
93,1	131
93,2	140
93,4	136
93,6	133
93,7	113
93,9	102
94,1	100
94,3	143
94,4	133
94,6	103
94,8	105
95,0	148
95,1	80
95,3	99
95,5	111
95,7	124
95,8	125
96,0	118
96,2	112
96,4	112
96,5	183
96,7	80
96,9	115
97,1	107
97,2	98
97,4	123
97,6	81
97,7	118
97,9	100
98,1	113
98,3	114
98,4	96
98,6	101
98,8	116
99,0	108
99,1	121
99,3	130
99,5	105
99,7	111
99,8	120
100,0	113
100,2	110
100,4	81
100,5	129
100,7	126
100,9	84
101,1	126
101,2	83
101,4	126
101,6	128
101,7	111
101,9	115
102,1	180
102,3	41
102,4	106
102,6	100
102,8	109
103,0	115
103,1	95
103,3	123
103,5	132
103,7	83
103,8	126
104,0	86
104,2	100
104,4	106
104,5	107
104,7	93
104,9	134
105,1	62
105,2	119
105,4	105
105,6	123
105,7	114
105,9	98
106,1	100
106,3	105
106,4	85
106,6	110
106,8	116
107,0	130
107,1	97
107,3	99
107,5	95
107,7	162
107,8	72
108,0	107
108,2	97
108,4	111
108,5	111
108,7	104
108,9	119
109,0	121
109,2	84
109,4	157
109,6	88
109,7	95
109,9	111
110,1	104
110,3	116
110,4	112
110,6	97
110,8	116
111,0	102
111,1	117
111,3	95
111,5	98
111,7	132
111,8	112
112,0	83
112,2	118
112,4	84
112,5	114
112,7	88
112,9	121
113,0	107
113,2	159
113,4	47
113,6	111
113,7	114
113,9	97
114,1	123
114,3	83
114,4	100
114,6	76
114,8	82
115,0	106
115,1	103
115,3	119
115,5	105
115,7	122
115,8	86
116,0	125
116,2	74
116,4	111
116,5	87
116,7	119
116,9	104
117,0	94
117,2	114
117,4	103
117,6	98
117,7	105
117,9	88
118,1	127
118,3	99
118,4	129
118,6	95
118,8	137
119,0	75
119,1	91
119,3	109
119,5	103
119,7	107
119,8	102
120,0	122
120,2	110
120,4	86
120,5	105
120,7	100
120,9	99
121,0	107
121,2	103
121,4	101
121,6	122
121,7	82
121,9	113
122,1	98
122,3	114
122,4	99
122,6	91
122,8	108
123,0	103
123,1	82
123,3	96
123,5	82
123,7	119
123,8	108
124,0	100
124,2	105
124,3	137
124,5	55
124,7	105
124,9	90
125,0	110
125,2	102
125,4	90
125,6	118
125,7	114
125,9	99
126,1	94
126,3	99
126,4	93
126,6	104
126,8	90
127,0	91
127,1	104
127,3	80
127,5	99
127,7	101
127,8	107
128,0	99
128,2	85
128,3	91
128,5	97
128,7	103
128,9	113
129,0	98
129,2	115
129,4	83
129,6	83
129,7	108
129,9	131
130,1	60
130,3	81
130,4	114
130,6	78
130,8	93
131,0	97
131,1	110
131,3	92
131,5	78
131,7	108
131,8	85
132,0	97
132,2	116
132,3	102
132,5	91
132,7	84
132,9	81
133,0	73
133,2	105
133,4	106
133,6	107
133,7	74
133,9	101
134,1	96
134,3	94
134,4	95
134,6	97
134,8	88
135,0	101
135,1	98
135,3	98
135,5	135
135,7	78
135,8	97
136,0	90
136,2	102
136,3	107
136,5	85
136,7	121
136,9	92
137,0	85
137,2	98
137,4	81
137,6	95
137,7	82
137,9	101
138,1	88
138,3	90
138,4	87
138,6	104
138,8	87
139,0	107
139,1	89
139,3	77
139,5	98
139,7	84
139,8	93
140,0	105
140,2	94
140,3	98
140,5	95
140,7	65
140,9	89
141,0	133
141,2	61
141,4	82
141,6	79
141,7	96
141,9	100
142,1	76
142,3	93
142,4	81
142,6	87
142,8	93
143,0	68
143,1	59
143,3	109
143,5	74
143,6	92
143,8	77
144,0	61
144,2	87
144,3	81
144,5	98
144,7	85
144,9	83
145,0	98
145,2	72
145,4	81
145,6	105
145,7	82
145,9	77
146,1	79
146,3	84
146,4	84
146,6	124
146,8	47
147,0	75
147,1	90
147,3	84
147,5	91
147,6	69
147,8	103
148,0	75
148,2	85
148,3	98
148,5	70
148,7	104
148,9	80
149,0	81
149,2	86
149,4	87
149,6	87
149,7	79
149,9	94
150,1	87
150,3	75
150,4	74
150,6	83
150,8	82
151,0	81
151,1	98
151,3	78
151,5	72
151,6	74
151,8	77
152,0	70
152,2	97
152,3	68
152,5	75
152,7	85
152,9	64
153,0	83
153,2	69
153,4	89
153,6	88
153,7	68
153,9	97
154,1	66
154,3	64
154,4	89
154,6	82
154,8	79
155,0	71
155,1	63
155,3	67
155,5	77
155,6	87
155,8	51
156,0	70
156,2	86
156,3	92
156,5	67
156,7	76
156,9	81
157,0	70
157,2	73
157,4	80
157,6	87
157,7	108
157,9	49
158,1	86
158,3	77
158,4	79
158,6	87
158,8	56
158,9	83
159,1	65
159,3	58
159,5	71
159,6	71
159,8	78
160,0	70
160,2	73
160,3	81
160,5	80
160,7	43
160,9	75
161,0	70
161,2	84
161,4	67
161,6	59
161,7	96
161,9	79
162,1	70
162,3	98
162,4	78
162,6	70
162,8	71
162,9	75
163,1	86
163,3	94
163,5	59
163,6	79
163,8	71
164,0	82
164,2	80
164,3	53
164,5	92
164,7	75
164,9	52
165,0	70
165,2	66
165,4	52
165,6	90
165,7	73
165,9	62
166,1	68
166,3	62
166,4	89
166,6	70
166,8	71
166,9	83
167,1	51
167,3	71
167,5	68
167,6	61
167,8	73
168,0	52
168,2	64
168,3	67
168,5	59
168,7	71
168,9	98
169,0	31
169,2	70
169,4	75
169,6	72
169,7	73
169,9	71
170,1	78
170,3	49
170,4	59
170,6	67
170,8	60
170,9	55
171,1	88
171,3	81
171,5	51
171,6	74
171,8	54
172,0	66
172,2	77
172,3	75
172,5	57
172,7	70
172,9	71
173,0	64
173,2	58
173,4	78
173,6	64
173,7	76
173,9	55
174,1	65
174,2	68
174,4	100
174,6	49
174,8	70
174,9	65
175,1	60
175,3	93
175,5	64
175,6	82
175,8	60
176,0	53
176,2	65
176,3	57
176,5	73
176,7	64
176,9	69
177,0	60
177,2	61
177,4	64
177,6	62
177,7	66
177,9	64
178,1	57
178,2	58
178,4	69
178,6	50
178,8	46
178,9	69
179,1	52
179,3	69
179,5	68
179,6	54
179,8	58
180,0	79
180,2	39
180,3	60
180,5	63
180,7	48
180,9	66
181,0	53
181,2	77
181,4	48
181,6	72
181,7	76
181,9	63
182,1	53
182,2	72
182,4	61
182,6	66
182,8	52
182,9	49
183,1	59
183,3	52
183,5	65
183,6	69
183,8	53
184,0	89
184,2	43
184,3	50
184,5	65
184,7	59
184,9	74
185,0	59
185,2	54
185,4	54
185,6	85
185,7	51
185,9	41
186,1	71
186,2	55
186,4	64
186,6	55
186,8	77
186,9	48
187,1	64
187,3	76
187,5	57
187,6	50
187,8	70
188,0	56
188,2	65
188,3	58
188,5	37
188,7	46
188,9	56
189,0	50
189,2	61
189,4	36
189,6	78
189,7	41
189,9	47
190,1	77
190,2	65
190,4	62
190,6	67
190,8	57
190,9	67
191,1	96
191,3	16
191,5	41
191,6	53
191,8	59
192,0	56
192,2	54
192,3	75
192,5	45
192,7	49
192,9	65
193,0	48
193,2	61
193,4	46
193,5	58
193,7	55
193,9	76
194,1	38
194,2	49
194,4	62
194,6	58
194,8	56
194,9	55
195,1	66
195,3	52
195,5	55
195,6	52
195,8	49
196,0	66
196,2	45
196,3	59
196,5	59
196,7	86
196,9	41
197,0	46
197,2	44
197,4	66
197,5	59
197,7	60
197,9	56
198,1	65
198,2	40
198,4	58
198,6	54
198,8	72
198,9	62
199,1	51
199,3	53
199,5	60
199,6	32
199,8	44
200,0	50
200,2	77
200,3	50
200,5	40
200,7	55
200,9	58
201,0	51
201,2	77
201,4	45
201,5	51
201,7	46
201,9	57
202,1	44
202,2	76
202,4	25
202,6	45
202,8	36
202,9	63
203,1	53
203,3	46
203,5	54
203,6	42
203,8	51
204,0	51
204,2	45
204,3	48
204,5	44
204,7	48
204,9	69
205,0	55
205,2	25
205,4	58
205,5	46
205,7	71
205,9	50
206,1	42
206,2	61
206,4	43
206,6	47
206,8	55
206,9	38
207,1	63
207,3	46
207,5	60
207,6	57
207,8	76
208,0	35
208,2	46
208,3	37
208,5	36
208,7	66
208,8	44
209,0	51
209,2	43
209,4	38
209,5	59
209,7	31
209,9	37
210,1	61
210,2	41
210,4	55
210,6	62
210,8	31
210,9	46
211,1	54
211,3	64
211,5	46
211,6	38
211,8	47
212,0	57
212,2	47
212,3	65
212,5	39
212,7	53
212,8	44
213,0	44
213,2	49
213,4	84
213,5	23
213,7	49
213,9	48
214,1	48
214,2	65
214,4	43
214,6	55
214,8	40
214,9	33
215,1	59
215,3	42
215,5	53
215,6	48
215,8	59
216,0	53
216,2	50
216,3	31
216,5	49
216,7	54
216,8	53
217,0	41
217,2	45
217,4	62
217,5	44
217,7	36
217,9	51
218,1	36
218,2	50
218,4	43
218,6	35
218,8	47
218,9	82
219,1	20
219,3	47
219,5	36
219,6	43
219,8	43
220,0	48
220,2	53
220,3	63
220,5	30
220,7	44
220,8	25
221,0	56
221,2	45
221,4	43
221,5	39
221,7	39
221,9	29
222,1	39
222,2	47
222,4	47
222,6	46
222,8	31
222,9	48
223,1	45
223,3	41
223,5	49
223,6	32
223,8	39
224,0	39
224,1	40
224,3	49
224,5	60
224,7	27
224,8	40
225,0	55
225,2	38
225,4	39
225,5	43
225,7	57
225,9	31
226,1	28
226,2	51
226,4	45
226,6	53
226,8	39
226,9	41
227,1	35
227,3	49
227,5	30
227,6	39
227,8	38
228,0	46
228,1	39
228,3	48
228,5	45
228,7	29
228,8	44
229,0	50
229,2	38
229,4	53
229,5	47
229,7	37
229,9	51
230,1	81
230,2	32
230,4	42
230,6	38
230,8	32
230,9	60
231,1	31
231,3	32
231,5	50
231,6	29
231,8	62
232,0	34
232,1	33
232,3	55
232,5	43
232,7	35
232,8	47
233,0	32
233,2	53
233,4	45
233,5	40
233,7	44
233,9	36
234,1	54
234,2	57
234,4	41
234,6	41
234,8	44
234,9	41
235,1	45
235,3	31
235,5	40
235,6	81
235,8	19
236,0	46
236,1	50
236,3	50
236,5	49
236,7	37
236,8	49
237,0	50
237,2	35
237,4	46
237,5	30
237,7	46
237,9	46
238,1	47
238,2	47
238,4	55
238,6	28
238,8	43
238,9	50
239,1	54
239,3	30
239,4	37
239,6	48
239,8	47
240,0	38
240,1	46
240,3	36
240,5	49
240,7	37
240,8	54
241,0	44
241,2	54
241,4	33
241,5	54
241,7	38
241,9	55
242,1	44
242,2	43
242,4	45
242,6	38
242,8	40
242,9	46
243,1	41
243,3	43
243,4	45
243,6	49
243,8	47
244,0	43
244,1	41
244,3	58
244,5	38
244,7	47
244,8	38
245,0	32
245,2	44
245,4	47
245,5	34
245,7	45
245,9	44
246,1	39
246,2	45
246,4	40
246,6	36
246,8	63
246,9	29
247,1	37
247,3	42
247,4	40
247,6	42
247,8	35
248,0	44
248,1	29
248,3	37
248,5	58
248,7	32
248,8	34
249,0	40
249,2	41
249,4	29
249,5	42
249,7	21
249,9	35
250,1	28
250,2	36
250,4	29
250,6	37
250,8	59
250,9	32
251,1	32
251,3	62
251,4	32
251,6	51
251,8	33
252,0	41
252,1	36
252,3	48
252,5	37
252,7	33
252,8	48
253,0	33
253,2	42
253,4	27
253,5	44
253,7	40
253,9	30
254,1	47
254,2	28
254,4	27
254,6	42
254,8	33
254,9	39
255,1	40
255,3	18
255,4	21
255,6	35
255,8	43
256,0	41
256,1	39
256,3	51
256,5	38
256,7	24
256,8	34
257,0	27
257,2	28
257,4	29
257,5	33
257,7	40
257,9	47
258,1	25
258,2	33
258,4	40
258,6	39
258,7	37
258,9	29
259,1	41
259,3	28
259,4	36
259,6	40
259,8	35
260,0	24
260,1	33
260,3	38
260,5	33
260,7	46
260,8	22
261,0	43
261,2	30
261,4	36
261,5	31
261,7	35
261,9	42
262,1	23
262,2	36
262,4	42
262,6	21
262,7	27
262,9	26
263,1	36
263,3	29
263,4	39
263,6	19
263,8	30
264,0	31
264,1	23
264,3	35
264,5	32
264,7	32
264,8	25
265,0	19
265,2	23
265,4	33
265,5	36
265,7	26
265,9	31
266,1	37
266,2	29
266,4	20
266,6	30
266,7	33
266,9	36
267,1	31
267,3	20
267,4	39
267,6	18
267,8	33
268,0	31
268,1	19
268,3	27
268,5	31
268,7	27
268,8	37
269,0	36
269,2	18
269,4	27
269,5	27
269,7	29
269,9	33
270,1	23
270,2	21
270,4	22
270,6	29
270,7	30
270,9	22
271,1	20
271,3	34
271,4	25
271,6	38
271,8	28
272,0	25
272,1	27
272,3	25
272,5	35
272,7	26
272,8	21
273,0	33
273,2	28
273,4	27
273,5	31
273,7	23
273,9	25
274,0	18
274,2	34
274,4	18
274,6	25
274,7	17
274,9	21
275,1	28
275,3	22
275,4	27
275,6	20
275,8	33
276,0	27
276,1	25
276,3	41
276,5	16
276,7	23
276,8	33
277,0	22
277,2	23
277,4	24
277,5	38
277,7	23
277,9	35
278,0	32
278,2	15
278,4	25
278,6	23
278,7	30
278,9	22
279,1	25
279,3	19
279,4	24
279,6	22
279,8	16
280,0	22
280,1	34
280,3	13
280,5	29
280,7	25
280,8	27
281,0	20
281,2	14
281,4	31
281,5	27
281,7	22
281,9	31
282,0	11
282,2	23
282,4	31
282,6	30
282,7	30
282,9	20
283,1	17
283,3	27
283,4	29
283,6	20
283,8	15
284,0	26
284,1	40
284,3	32
284,5	33
284,7	32
284,8	18
285,0	26
285,2	21
285,4	23
285,5	28
285,7	28
285,9	13
286,0	15
286,2	35
286,4	17
286,6	30
286,7	15
286,9	31
287,1	18
287,3	13
287,4	25
287,6	21
287,8	21
288,0	34
288,1	28
288,3	23
288,5	17
288,7	21
288,8	22
289,0	29
289,2	29
289,3	20
289,5	16
289,7	37
289,9	24
290,0	17
290,2	26
290,4	20
290,6	25
290,7	22
290,9	36
291,1	22
291,3	22
291,4	18
291,6	21
291,8	20
292,0	24
292,1	25
292,3	14
292,5	18
292,7	20
292,8	17
293,0	28
293,2	9
293,3	18
293,5	28
293,7	18
293,9	28
294,0	25
294,2	17
294,4	33
294,6	27
294,7	28
294,9	22
295,1	23
295,3	37
295,4	18
295,6	29
295,8	31
296,0	18
296,1	38
296,3	20
296,5	19
296,7	25
296,8	23
297,0	16
297,2	24
297,3	25
297,5	17
297,7	30
297,9	22
298,0	34
298,2	22
298,4	16
298,6	21
298,7	16
298,9	17
299,1	24
299,3	22
299,4	22
299,6	25
299,8	20
300,0	27
300,1	28
300,3	32
300,5	24
300,7	21
300,8	33
301,0	22
301,2	19
301,3	31
301,5	23
301,7	34
301,9	24
302,0	25
302,2	16
302,4	37
302,6	13
302,7	22
302,9	31
303,1	15
303,3	23
303,4	20
303,6	36
303,8	10
304,0	26
304,1	23
304,3	16
304,5	19
304,7	26
304,8	15
305,0	36
305,2	20
305,3	22
305,5	25
305,7	25
305,9	29
306,0	20
306,2	17
306,4	26
306,6	20
306,7	26
306,9	30
307,1	22
307,3	21
307,4	24
307,6	26
307,8	17
308,0	27
308,1	14
308,3	19
308,5	18
308,6	25
308,8	24
309,0	15
309,2	28
309,3	23
309,5	16
309,7	17
309,9	15
310,0	23
310,2	37
310,4	21
310,6	21
310,7	14
310,9	21
311,1	27
311,3	20
311,4	22
311,6	19
311,8	18
312,0	27
312,1	23
312,3	16
312,5	20
312,6	14
312,8	20
313,0	21
313,2	23
313,3	26
313,5	19
313,7	20
313,9	16
314,0	21
314,2	15
314,4	20
314,6	12
314,7	31
314,9	14
315,1	26
315,3	14
315,4	21
315,6	18
315,8	27
316,0	15
316,1	29
316,3	20
316,5	24
316,6	23
316,8	17
317,0	23
317,2	16
317,3	15
317,5	31
317,7	13
317,9	22
318,0	21
318,2	14
318,4	25
318,6	18
318,7	29
318,9	14
319,1	13
319,3	14
319,4	17
319,6	19
319,8	7
320,0	23
320,1	17
320,3	16
320,5	12
320,6	18
320,8	26
321,0	15
321,2	20
321,3	20
321,5	21
321,7	14
321,9	16
322,0	16
322,2	17
322,4	13
322,6	14
322,7	18
322,9	7
323,1	32
323,3	17
323,4	18
323,6	21
323,8	16
323,9	28
324,1	19
324,3	19
324,5	15
324,6	23
324,8	8
325,0	22
325,2	22
325,3	21
325,5	17
325,7	15
325,9	12
326,0	13
326,2	14
326,4	22
326,6	11
326,7	15
326,9	22
327,1	15
327,3	19
327,4	15
327,6	11
327,8	19
327,9	18
328,1	26
328,3	17
328,5	19
328,6	15
328,8	19
329,0	9
329,2	18
329,3	17
329,5	14
329,7	18
329,9	18
330,0	19
330,2	10
330,4	17
330,6	19
330,7	19
330,9	8
331,1	24
331,3	12
331,4	17
331,6	17
331,8	13
331,9	21
332,1	8
332,3	11
332,5	23
332,6	14
332,8	12
333,0	11
333,2	20
333,3	14
333,5	25
333,7	14
333,9	20
334,0	14
334,2	22
334,4	18
334,6	22
334,7	16
334,9	14
335,1	16
335,3	19
335,4	13
335,6	16
335,8	22
335,9	21
336,1	15
336,3	20
336,5	17
336,6	14
336,8	11
337,0	28
337,2	16
337,3	21
337,5	16
337,7	16
337,9	12
338,0	33
338,2	18
338,4	20
338,6	13
338,7	21
338,9	19
339,1	19
339,2	26
339,4	18
339,6	19
339,8	24
339,9	8
340,1	23
340,3	24
340,5	9
340,6	24
340,8	11
341,0	20
341,2	14
341,3	24
341,5	17
341,7	12
341,9	24
342,0	15
342,2	19
342,4	13
342,6	24
342,7	15
342,9	13
343,1	25
343,2	15
343,4	12
343,6	14
343,8	13
343,9	19
344,1	8
344,3	17
344,5	15
344,6	21
344,8	24
345,0	25
345,2	15
345,3	17
345,5	13
345,7	18
345,9	20
346,0	16
346,2	22
346,4	30
346,6	20
346,7	14
346,9	23
347,1	12
347,2	8
347,4	11
347,6	22
347,8	17
347,9	16
348,1	24
348,3	18
348,5	15
348,6	29
348,8	13
349,0	22
349,2	23
349,3	19
349,5	16
349,7	11
349,9	11
350,0	20
350,2	18
350,4	15
350,6	17
350,7	17
350,9	21
351,1	13
351,2	9
351,4	29
351,6	20
351,8	20
351,9	21
352,1	13
352,3	11
352,5	24
352,6	29
352,8	16
353,0	17
353,2	21
353,3	16
353,5	17
353,7	25
353,9	21
354,0	17
354,2	28
354,4	18
354,6	18
354,7	20
354,9	19
355,1	15
355,2	6
355,4	20
355,6	16
355,8	19
355,9	19
356,1	20
356,3	6
356,5	28
356,6	14
356,8	19
357,0	22
357,2	19
357,3	21
357,5	15
357,7	11
357,9	18
358,0	17
358,2	10
358,4	20
358,5	12
358,7	18
358,9	14
359,1	17
359,2	28
359,4	14
359,6	13
359,8	18
359,9	13
360,1	14
360,3	29
360,5	20
360,6	16
360,8	11
361,0	18
361,2	18
361,3	18
361,5	14
361,7	21
361,9	15
362,0	15
362,2	10
362,4	21
362,5	13
362,7	17
362,9	15
363,1	17
363,2	23
363,4	10
363,6	14
363,8	20
363,9	19
364,1	19
364,3	13
364,5	16
364,6	12
364,8	17
365,0	14
365,2	15
365,3	15
365,5	12
365,7	5
365,9	21
366,0	12
366,2	22
366,4	10
366,5	9
366,7	17
366,9	10
367,1	14
367,2	16
367,4	13
367,6	22
367,8	19
367,9	19
368,1	12
368,3	10
368,5	25
368,6	18
368,8	19
369,0	12
369,2	13
369,3	9
369,5	14
369,7	13
369,9	12
370,0	16
370,2	10
370,4	12
370,5	15
370,7	5
370,9	18
371,1	14
371,2	16
371,4	12
371,6	12
371,8	10
371,9	19
372,1	10
372,3	11
372,5	11
372,6	15
372,8	13
373,0	8
373,2	16
373,3	10
373,5	9
373,7	16
373,8	7
374,0	12
374,2	10
374,4	17
374,5	18
374,7	13
374,9	6
375,1	15
375,2	9
375,4	20
375,6	13
375,8	7
375,9	10
376,1	15
376,3	9
376,5	15
376,6	14
376,8	12
377,0	11
377,2	13
377,3	16
377,5	14
377,7	19
377,8	11
378,0	15
378,2	18
378,4	12
378,5	8
378,7	11
378,9	10
379,1	11
379,2	18
379,4	7
379,6	14
379,8	9
379,9	15
380,1	13
380,3	16
380,5	9
380,6	7
380,8	16
381,0	13
381,2	14
381,3	13
381,5	16
381,7	19
381,8	7
382,0	14
382,2	7
382,4	11
382,5	8
382,7	9
382,9	15
383,1	13
383,2	6
383,4	8
383,6	11
383,8	21
383,9	16
384,1	9
384,3	18
384,5	7
384,6	7
384,8	12
385,0	8
385,2	7
385,3	4
385,5	3
385,7	13
385,8	11
386,0	9
386,2	13
386,4	10
386,5	6
386,7	14
386,9	6
387,1	17
387,2	9
387,4	8
387,6	16
387,8	5
387,9	10
388,1	19
388,3	7
388,5	8
388,6	6
388,8	10
389,0	8
389,1	8
389,3	16
389,5	10
389,7	17
389,8	8
390,0	10
390,2	7
390,4	18
390,5	10
390,7	12
390,9	10
391,1	9
391,2	12
391,4	10
391,6	8
391,8	14
391,9	7
392,1	13
392,3	12
392,5	10
392,6	14
392,8	9
393,0	10
393,1	11
393,3	7
393,5	12
393,7	9
393,8	13
394,0	11
394,2	5
394,4	13
394,5	11
394,7	15
394,9	13
395,1	8
395,2	6
395,4	18
395,6	7
395,8	11
395,9	13
396,1	8
396,3	16
396,5	9
396,6	9
396,8	14
397,0	12
397,1	7
397,3	12
397,5	10
397,7	9
397,8	10
398,0	10
398,2	16
398,4	11
398,5	4
398,7	9
398,9	9
399,1	4
399,2	13
399,4	12
399,6	9
399,8	12
399,9	11
400,1	2
400,3	13
400,5	13
400,6	12
400,8	11
401,0	11
401,1	13
401,3	8
401,5	8
401,7	10
401,8	9
402,0	4
402,2	9
402,4	9
402,5	12
402,7	8
402,9	11
403,1	12
403,2	11
403,4	6
403,6	8
403,8	11
403,9	11
404,1	4
404,3	13
404,5	9
404,6	3
404,8	10
405,0	4
405,1	10
405,3	11
405,5	7
405,7	10
405,8	11
406,0	10
406,2	8
406,4	9
406,5	11
406,7	4
406,9	13
407,1	7
407,2	6
407,4	13
407,6	8
407,8	13
407,9	8
408,1	19
408,3	3
408,4	14
408,6	13
408,8	11
409,0	13
409,1	5
409,3	13
409,5	6
409,7	10
409,8	11
410,0	9
410,2	8
410,4	9
410,5	13
410,7	8
410,9	9
411,1	11
411,2	8
411,4	10
411,6	12
411,8	9
411,9	6
412,1	18
412,3	8
412,4	11
412,6	12
412,8	4
413,0	9
413,1	10
413,3	13
413,5	11
413,7	5
413,8	6
414,0	11
414,2	8
414,4	12
414,5	16
414,7	6
414,9	9
415,1	4
415,2	5
415,4	21
415,6	11
415,8	12
415,9	15
416,1	13
416,3	7
416,4	9
416,6	8
416,8	9
417,0	9
417,1	11
417,3	7
417,5	9
417,7	8
417,8	5
418,0	13
418,2	12
418,4	7
418,5	14
418,7	14
418,9	6
419,1	11
419,2	13
419,4	7
419,6	9
419,8	11
419,9	8
420,1	9
420,3	6
420,4	13
420,6	9
420,8	6
421,0	10
421,1	4
421,3	10
421,5	12
421,7	12
421,8	10
422,0	14
422,2	5
422,4	6
422,5	16
422,7	9
422,9	7
423,1	5
423,2	14
423,4	10
423,6	8
423,7	14
423,9	13
424,1	9
424,3	7
424,4	7
424,6	9
424,8	10
425,0	6
425,1	4
425,3	8
425,5	9
425,7	9
425,8	5
426,0	10
426,2	8
426,4	9
426,5	10
426,7	2
426,9	7
427,1	11
427,2	14
427,4	5
427,6	11
427,7	7
427,9	4
428,1	10
428,3	12
428,4	10
428,6	11
428,8	5
429,0	9
429,1	4
429,3	12
429,5	6
429,7	7
429,8	4
430,0	8
430,2	5
430,4	10
430,5	11
430,7	9
430,9	8
431,1	8
431,2	11
431,4	6
431,6	17
431,7	4
431,9	2
432,1	7
432,3	6
432,4	5
432,6	9
432,8	5
433,0	6
433,1	8
433,3	13
433,5	10
433,7	10
433,8	17
434,0	5
434,2	3
434,4	9
434,5	12
434,7	10
434,9	9
435,1	7
435,2	12
435,4	7
435,6	9
435,7	8
435,9	11
436,1	12
436,3	7
436,4	7
436,6	6
436,8	8
437,0	8
437,1	12
437,3	5
437,5	7
437,7	12
437,8	8
438,0	7
438,2	14
438,4	8
438,5	9
438,7	6
438,9	8
439,0	7
439,2	9
439,4	10
439,6	12
439,7	3
439,9	8
440,1	6
440,3	4
440,4	10
440,6	8
440,8	6
441,0	9
441,1	6
441,3	7
441,5	7
441,7	7
441,8	10
442,0	13
442,2	9
442,4	18
442,5	12
442,7	9
442,9	6
443,0	10
443,2	5
443,4	7
443,6	5
443,7	6
443,9	4
444,1	9
444,3	6
444,4	5
444,6	12
444,8	4
445,0	9
445,1	9
445,3	9
445,5	17
445,7	9
445,8	6
446,0	14
446,2	11
446,4	9
446,5	4
446,7	14
446,9	7
447,0	7
447,2	6
447,4	8
447,6	10
447,7	8
447,9	14
448,1	5
448,3	7
448,4	4
448,6	9
448,8	11
449,0	9
449,1	8
449,3	6
449,5	2
449,7	10
449,8	4
450,0	6
450,2	12
450,4	7
450,5	8
450,7	3
450,9	10
451,0	9
451,2	5
451,4	7
451,6	10
451,7	5
451,9	10
452,1	5
452,3	4
452,4	10
452,6	5
452,8	10
453,0	13
453,1	13
453,3	9
453,5	16
453,7	8
453,8	19
454,0	5
454,2	9
454,4	9
454,5	4
454,7	9
454,9	8
455,0	6
455,2	8
455,4	6
455,6	9
455,7	6
455,9	7
456,1	9
456,3	15
456,4	5
456,6	9
456,8	5
457,0	4
457,1	13
457,3	2
457,5	7
457,7	15
457,8	6
458,0	7
458,2	3
458,3	4
458,5	10
458,7	8
458,9	7
459,0	3
459,2	4
459,4	14
459,6	8
459,7	6
459,9	6
460,1	6
460,3	13
460,4	8
460,6	8
460,8	9
461,0	3
461,1	5
461,3	8
461,5	3
461,7	9
461,8	4
462,0	6
462,2	6
462,3	2
462,5	8
462,7	7
462,9	4
463,0	9
463,2	6
463,4	8
463,6	7
463,7	7
463,9	7
464,1	14
464,3	11
464,4	9
464,6	7
464,8	6
465,0	7
465,1	7
465,3	4
465,5	10
465,7	9
465,8	6
466,0	8
466,2	5
466,3	8
466,5	7
466,7	8
466,9	6
467,0	6
467,2	12
467,4	4
467,6	2
467,7	9
467,9	5
468,1	7
468,3	7
468,4	7
468,6	9
468,8	6
469,0	6
469,1	5
469,3	0
469,5	6
469,7	8
469,8	8
470,0	9
470,2	6
470,3	3
470,5	9
470,7	5
470,9	7
471,0	7
471,2	7
471,4	7
471,6	10
471,7	6
471,9	9
472,1	8
472,3	11
472,4	5
472,6	6
472,8	9
473,0	6
473,1	8
473,3	10
473,5	2
473,6	5
473,8	11
474,0	9
474,2	7
474,3	1
474,5	10
474,7	6
474,9	5
475,0	10
475,2	9
475,4	2
475,6	6
475,7	10
475,9	7
476,1	5
476,3	6
476,4	4
476,6	5
476,8	5
477,0	4
477,1	8
477,3	7
477,5	8
477,6	6
477,8	6
478,0	6
478,2	12
478,3	8
478,5	6
478,7	2
478,9	10
479,0	13
479,2	8
479,4	5
479,6	4
479,7	8
479,9	4
480,1	7
480,3	11
480,4	6
480,6	5
480,8	2
481,0	4
481,1	9
481,3	11
481,5	6
481,6	6
481,8	3
482,0	12
482,2	10
482,3	11
482,5	3
482,7	12
482,9	6
483,0	12
483,2	6
483,4	5
483,6	7
483,7	4
483,9	9
484,1	6
484,3	8
484,4	3
484,6	3
484,8	5
485,0	13
485,1	7
485,3	4
485,5	10
485,6	4
485,8	7
486,0	8
486,2	9
486,3	8
486,5	13
486,7	11
486,9	10
487,0	4
487,2	12
487,4	5
487,6	9
487,7	4
487,9	1
488,1	3
488,3	8
488,4	6
488,6	9
488,8	5
488,9	5
489,1	3
489,3	5
489,5	5
489,6	9
489,8	6
490,0	8
490,2	6
490,3	3
490,5	7
490,7	7
490,9	11
491,0	5
491,2	4
491,4	6
491,6	5
491,7	5
491,9	5
492,1	10
492,3	6
492,4	4
492,6	3
492,8	10
492,9	2
493,1	7
493,3	6
493,5	4
493,6	9
493,8	7
494,0	7
494,2	5
494,3	5
494,5	6
494,7	6
494,9	6
495,0	3
495,2	6
495,4	5
495,6	5
495,7	0
495,9	4
496,1	9
496,3	6
496,4	10
496,6	5
496,8	1
496,9	6
497,1	3
497,3	3
497,5	5
497,6	3
497,8	2
498,0	3
498,2	6
498,3	5
498,5	6
498,7	7
498,9	8
499,0	3
499,2	3
499,4	7
499,6	5
499,7	5
499,9	5
500,1	6
500,3	5
500,4	7
500,6	7
500,8	4
500,9	5
501,1	5
501,3	6
501,5	6
501,6	9
501,8	8
502,0	4
502,2	6
502,3	6
502,5	6
502,7	5
502,9	4
503,0	8
503,2	6
503,4	5
503,6	8
503,7	1
503,9	7
504,1	3
504,3	2
504,4	3
504,6	6
504,8	4
504,9	9
505,1	9
505,3	4
505,5	2
505,6	3
505,8	4
506,0	3
506,2	9
506,3	5
506,5	4
506,7	12
506,9	5
507,0	12
507,2	9
507,4	12
507,6	9
507,7	5
507,9	6
508,1	7
508,2	6
508,4	6
508,6	3
508,8	6
508,9	7
509,1	5
509,3	4
509,5	7
509,6	5
509,8	3
510,0	7
510,2	6
510,3	4
510,5	10
510,7	7
510,9	6
511,0	7
511,2	7
511,4	5
511,6	7
511,7	8
511,9	4
512,1	2
512,2	12
512,4	6
512,6	3
512,8	6
512,9	5
513,1	6
513,3	9
513,5	5
513,6	2
513,8	4
514,0	5
514,2	7
514,3	5
514,5	3
514,7	4
514,9	4
515,0	8
515,2	6
515,4	13
515,6	6
515,7	5
515,9	3
516,1	11
516,2	6
516,4	7
516,6	7
516,8	6
516,9	6
517,1	5
517,3	8
517,5	3
517,6	12
517,8	10
518,0	4
518,2	5
518,3	7
518,5	3
518,7	12
518,9	6
519,0	3
519,2	5
519,4	3
519,6	5
519,7	3
519,9	8
520,1	3
520,2	5
520,4	7
520,6	5
520,8	6
520,9	7
521,1	7
521,3	10
521,5	6
521,6	8
521,8	5
522,0	11
522,2	1
522,3	3
522,5	4
522,7	7
522,9	9
523,0	2
523,2	3
523,4	6
523,5	5
523,7	4
523,9	6
524,1	5
524,2	1
524,4	7
524,6	2
524,8	11
524,9	5
525,1	11
525,3	5
525,5	7
525,6	4
525,8	4
526,0	4
526,2	9
526,3	7
526,5	6
526,7	14
526,9	3
527,0	3
527,2	6
527,4	5
527,5	15
527,7	6
527,9	2
528,1	7
528,2	8
528,4	8
528,6	10
528,8	3
528,9	7
529,1	3
529,3	9
529,5	7
529,6	4
529,8	3
530,0	7
530,2	2
530,3	6
530,5	8
530,7	5
530,9	3
531,0	9
531,2	4
531,4	3
531,5	3
531,7	7
531,9	5
532,1	4
532,2	5
532,4	6
532,6	7
532,8	9
532,9	6
533,1	4
533,3	4
533,5	2
533,6	6
533,8	3
534,0	4
534,2	8
534,3	7
534,5	7
534,7	6
534,9	5
535,0	11
535,2	4
535,4	8
535,5	8
535,7	8
535,9	9
536,1	4
536,2	6
536,4	5
536,6	8
536,8	1
536,9	9
537,1	3
537,3	5
537,5	1
537,6	7
537,8	4
538,0	6
538,2	3
538,3	10
538,5	5
538,7	4
538,8	8
539,0	0
539,2	6
539,4	7
539,5	5
539,7	4
539,9	6
540,1	4
540,2	1
540,4	2
540,6	3
540,8	5
540,9	6
541,1	6
541,3	4
541,5	4
541,6	4
541,8	6
542,0	5
542,2	5
542,3	4
542,5	6
542,7	5
542,8	4
543,0	3
543,2	5
543,4	4
543,5	4
543,7	3
543,9	5
544,1	5
544,2	6
544,4	3
544,6	10
544,8	6
544,9	7
545,1	5
545,3	4
545,5	4
545,6	6
545,8	4
546,0	2
546,2	3
546,3	4
546,5	5
546,7	4
546,8	4
547,0	9
547,2	3
547,4	5
547,5	9
547,7	0
547,9	3
548,1	3
548,2	3
548,4	5
548,6	4
548,8	4
548,9	5
549,1	4
549,3	1
549,5	6
549,6	6
549,8	1
550,0	5
550,2	4
550,3	7
550,5	4
550,7	3
550,8	3
551,0	3
551,2	2
551,4	2
551,5	10
551,7	7
551,9	5
552,1	7
552,2	6
552,4	3
552,6	8
552,8	7
552,9	3
553,1	1
553,3	2
553,5	7
553,6	6
553,8	0
554,0	9
554,1	7
554,3	3
554,5	5
554,7	1
554,8	5
555,0	6
555,2	6
555,4	2
555,5	6
555,7	3
555,9	11
556,1	6
556,2	3
556,4	3
556,6	7
556,8	4
556,9	5
557,1	1
557,3	6
557,5	3
557,6	4
557,8	7
558,0	1
558,1	2
558,3	4
558,5	3
558,7	3
558,8	6
559,0	4
559,2	9
559,4	6
559,5	8
559,7	5
559,9	6
560,1	10
560,2	4
560,4	4
560,6	9
560,8	5
560,9	2
561,1	4
561,3	2
561,5	7
561,6	5
561,8	5
562,0	8
562,1	3
562,3	9
562,5	2
562,7	5
562,8	7
563,0	4
563,2	5
563,4	5
563,5	3
563,7	9
563,9	4
564,1	5
564,2	5
564,4	7
564,6	5
564,8	4
564,9	1
565,1	10
565,3	7
565,5	2
565,6	4
565,8	3
566,0	6
566,1	4
566,3	8
566,5	2
566,7	5
566,8	1
567,0	3
567,2	5
567,4	4
567,5	4
567,7	4
567,9	5
568,1	11
568,2	2
568,4	6
568,6	3
568,8	5
568,9	2
569,1	6
569,3	4
569,5	7
569,6	3
569,8	3
570,0	1
570,1	1
570,3	8
570,5	4
570,7	7
570,8	2
571,0	7
571,2	12
571,4	2
571,5	7
571,7	7
571,9	4
572,1	7
572,2	2
572,4	3
572,6	8
572,8	8
572,9	4
573,1	8
573,3	6
573,4	1
573,6	3
573,8	7
574,0	6
574,1	4
574,3	5
574,5	3
574,7	8
574,8	7
575,0	7
575,2	3
575,4	6
575,5	8
575,7	4
575,9	7
576,1	4
576,2	4
576,4	7
576,6	8
576,8	6
576,9	3
577,1	7
577,3	6
577,4	4
577,6	4
577,8	2
578,0	3
578,1	7
578,3	6
578,5	8
578,7	6
578,8	3
579,0	3
579,2	6
579,4	7
579,5	7
579,7	5
579,9	10
580,1	3
580,2	4
580,4	9
580,6	5
580,8	7
580,9	6
581,1	2
581,3	7
581,4	6
581,6	9
581,8	5
582,0	5
582,1	6
582,3	8
582,5	6
582,7	3
582,8	7
583,0	3
583,2	6
583,4	4
583,5	7
583,7	7
583,9	4
584,1	5
584,2	7
584,4	5
584,6	7
584,8	8
584,9	4
585,1	4
585,3	5
585,4	4
585,6	3
585,8	5
586,0	7
586,1	8
586,3	6
586,5	5
586,7	4
586,8	9
587,0	6
587,2	5
587,4	12
587,5	9
587,7	3
587,9	8
588,1	5
588,2	9
588,4	11
588,6	5
588,7	5
588,9	10
589,1	6
589,3	6
589,4	5
589,6	10
589,8	7
590,0	2
590,1	8
590,3	9
590,5	7
590,7	4
590,8	5
591,0	6
591,2	4
591,4	6
591,5	9
591,7	5
591,9	7
592,1	11
592,2	6
592,4	11
592,6	5
592,7	3
592,9	8
593,1	4
593,3	7
593,4	7
593,6	4
593,8	7
594,0	6
594,1	8
594,3	3
594,5	3
594,7	6
594,8	6
595,0	2
595,2	12
595,4	11
595,5	5
595,7	7
595,9	2
596,1	4
596,2	10
596,4	7
596,6	10
596,7	7
596,9	4
597,1	3
597,3	5
597,4	6
597,6	3
597,8	7
598,0	3
598,1	8
598,3	4
598,5	7
598,7	6
598,8	8
599,0	9
599,2	7
599,4	7
599,5	7
599,7	7
599,9	9
600,1	6
600,2	7
600,4	6
600,6	4
600,7	6
600,9	7
601,1	5
601,3	5
601,4	8
601,6	7
601,8	6
602,0	8
602,1	5
602,3	8
602,5	3
602,7	5
602,8	12
603,0	5
603,2	6
603,4	5
603,5	4
603,7	9
603,9	5
604,0	7
604,2	5
604,4	4
604,6	8
604,7	5
604,9	4
605,1	6
605,3	4
605,4	5
605,6	6
605,8	8
606,0	5
606,1	4
606,3	14
606,5	4
606,7	5
606,8	10
607,0	5
607,2	5
607,4	7
607,5	3
607,7	8
607,9	2
608,0	8
608,2	10
608,4	8
608,6	9
608,7	7
608,9	7
609,1	6
609,3	5
609,4	5
609,6	6
609,8	11
610,0	2
610,1	6
610,3	5
610,5	3
610,7	9
610,8	7
611,0	13
611,2	8
611,4	5
611,5	10
611,7	14
611,9	10
612,0	7
612,2	6
612,4	6
612,6	4
612,7	7
612,9	7
613,1	6
613,3	5
613,4	4
613,6	4
613,8	5
614,0	4
614,1	5
614,3	8
614,5	12
614,7	6
614,8	9
615,0	2
615,2	13
615,4	2
615,5	9
615,7	12
615,9	5
616,0	5
616,2	7
616,4	7
616,6	9
616,7	4
616,9	5
617,1	5
617,3	8
617,4	10
617,6	8
617,8	3
618,0	5
618,1	1
618,3	6
618,5	7
618,7	2
618,8	6
619,0	3
619,2	5
619,4	6
619,5	7
619,7	7
619,9	4
620,0	9
620,2	5
620,4	8
620,6	7
620,7	5
620,9	8
621,1	3
621,3	12
621,4	1
621,6	6
621,8	8
622,0	3
622,1	6
622,3	3
622,5	1
622,7	6
622,8	5
623,0	9
623,2	7
623,3	8
623,5	10
623,7	9
623,9	2
624,0	6
624,2	3
624,4	6
624,6	10
624,7	6
624,9	2
625,1	3
625,3	7
625,4	5
625,6	9
625,8	3
626,0	11
626,1	2
626,3	5
626,5	9
626,7	7
626,8	8
627,0	2
627,2	2
627,3	4
627,5	12
627,7	4
627,9	4
628,0	5
628,2	11
628,4	5
628,6	10
628,7	6
628,9	3
629,1	13
629,3	4
629,4	7
629,6	6
629,8	3
630,0	10
630,1	8
630,3	8
630,5	5
630,7	6
630,8	8
631,0	11
631,2	3
631,3	4
631,5	6
631,7	3
631,9	3
632,0	5
632,2	1
632,4	12
632,6	2
632,7	6
632,9	11
633,1	4
633,3	4
633,4	3
633,6	5
633,8	6
634,0	14
634,1	7
634,3	10
634,5	8
634,7	5
634,8	8
635,0	4
635,2	5
635,3	4
635,5	9
635,7	9
635,9	8
636,0	8
636,2	7
636,4	7
636,6	3
636,7	9
636,9	11
637,1	9
637,3	6
637,4	5
637,6	8
637,8	10
638,0	5
638,1	7
638,3	6
638,5	7
638,6	9
638,8	7
639,0	3
639,2	10
639,3	8
639,5	3
639,7	7
639,9	8
640,0	2
640,2	10
640,4	7
640,6	3
640,7	6
640,9	7
641,1	12
641,3	7
641,4	9
641,6	6
641,8	7
642,0	7
642,1	9
642,3	10
642,5	11
642,6	10
642,8	4
643,0	14
643,2	10
643,3	6
643,5	15
643,7	4
643,9	11
644,0	12
644,2	8
644,4	10
644,6	8
644,7	5
644,9	7
645,1	8
645,3	14
645,4	9
645,6	7
645,8	12
646,0	7
646,1	3
646,3	10
646,5	7
646,6	7
646,8	8
647,0	4
647,2	7
647,3	8
647,5	19
647,7	8
647,9	9
648,0	7
648,2	8
648,4	13
648,6	11
648,7	6
648,9	4
649,1	9
649,3	9
649,4	6
649,6	13
649,8	7
650,0	9
650,1	10
650,3	3
650,5	6
650,6	7
650,8	20
651,0	14
651,2	5
651,3	10
651,5	8
651,7	15
651,9	10
652,0	6
652,2	12
652,4	8
652,6	6
652,7	6
652,9	9
653,1	10
653,3	11
653,4	7
653,6	9
653,8	13
653,9	2
654,1	8
654,3	13
654,5	16
654,6	12
654,8	9
655,0	9
655,2	12
655,3	10
655,5	8
655,7	8
655,9	6
656,0	9
656,2	3
656,4	15
656,6	7
656,7	7
656,9	11
657,1	8
657,3	9
657,4	14
657,6	7
657,8	12
657,9	6
658,1	10
658,3	12
658,5	10
658,6	9
658,8	7
659,0	10
659,2	7
659,3	11
659,5	4
659,7	13
659,9	8
660,0	7
660,2	9
660,4	7
660,6	14
660,7	10
660,9	6
661,1	13
661,3	4
661,4	9
661,6	9
661,8	11
661,9	10
662,1	6
662,3	3
662,5	13
662,6	6
662,8	9
663,0	18
663,2	7
663,3	15
663,5	12
663,7	9
663,9	9
664,0	7
664,2	5
664,4	7
664,6	11
664,7	12
664,9	15
665,1	4
665,3	15
665,4	8
665,6	9
665,8	13
665,9	14
666,1	8
666,3	8
666,5	10
666,6	6
666,8	6
667,0	13
667,2	9
667,3	9
667,5	13
667,7	5
667,9	3
668,0	18
668,2	5
668,4	8
668,6	12
668,7	8
668,9	11
669,1	11
669,3	5
669,4	11
669,6	8
669,8	7
669,9	7
670,1	9
670,3	9
670,5	12
670,6	7
670,8	16
671,0	9
671,2	10
671,3	11
671,5	6
671,7	7
671,9	10
672,0	7
672,2	12
672,4	17
672,6	1
672,7	10
672,9	9
673,1	7
673,2	5
673,4	5
673,6	19
673,8	3
673,9	5
674,1	6
674,3	5
674,5	11
674,6	11
674,8	5
675,0	4
675,2	13
675,3	9
675,5	10
675,7	7
675,9	6
676,0	6
676,2	6
676,4	13
676,6	11
676,7	4
676,9	3
677,1	4
677,2	4
677,4	12
677,6	7
677,8	2
677,9	7
678,1	6
678,3	7
678,5	8
678,6	10
678,8	7
679,0	9
679,2	6
679,3	3
679,5	4
679,7	10
679,9	3
680,0	7
680,2	9
680,4	3
680,6	7
680,7	4
680,9	6
681,1	3
681,2	6
681,4	5
681,6	2
681,8	6
681,9	4
682,1	9
682,3	7
682,5	6
682,6	3
682,8	7
683,0	7
683,2	5
683,3	5
683,5	1
683,7	1
683,9	5
684,0	4
684,2	7
684,4	5
684,6	2
684,7	5
684,9	1
685,1	5
685,2	9
685,4	3
685,6	6
685,8	9
685,9	8
686,1	9
686,3	5
686,5	3
686,6	6
686,8	7
687,0	4
687,2	11
687,3	3
687,5	6
687,7	5
687,9	2
688,0	8
688,2	6
688,4	5
688,5	8
688,7	3
688,9	4
689,1	7
689,2	2
689,4	4
689,6	4
689,8	3
689,9	7
690,1	4
690,3	4
690,5	3
690,6	2
690,8	3
691,0	4
691,2	5
691,3	4
691,5	2
691,7	5
691,9	5
692,0	7
692,2	0
692,4	4
692,5	2
692,7	1
692,9	5
693,1	5
693,2	1
693,4	8
693,6	3
693,8	2
693,9	2
694,1	5
694,3	7
694,5	3
694,6	3
694,8	3
695,0	5
695,2	6
695,3	6
695,5	6
695,7	5
695,9	3
696,0	1
696,2	4
696,4	6
696,5	2
696,7	5
696,9	4
697,1	4
697,2	1
697,4	2
697,6	5
697,8	2
697,9	5
698,1	1
698,3	2
698,5	2
698,6	7
698,8	3
699,0	6
699,2	0
699,3	2
699,5	5
699,7	3
699,9	2
700,0	2
700,2	2
700,4	4
700,5	5
700,7	5
700,9	2
701,1	0
701,2	1
701,4	3
701,6	2
701,8	2
701,9	5
702,1	2
702,3	1
702,5	5
702,6	3
702,8	5
703,0	2
703,2	2
703,3	1
703,5	2
703,7	2
703,8	0
704,0	1
704,2	6
704,4	4
704,5	9
704,7	3
704,9	2
705,1	2
705,2	4
705,4	2
705,6	2
705,8	1
705,9	4
706,1	3
706,3	4
706,5	4
706,6	5
706,8	4
707,0	5
707,2	0
707,3	2
707,5	9
707,7	4
707,8	4
708,0	0
708,2	1
708,4	5
708,5	1
708,7	0
